6_31_02 5, 13, 1, 9, 2, 10
5_17_10 6, 14, 2, 10, 7
5_26_12 9, 1, 5, 13, 6
5_20_16 9, 1, 5, 13, 14
3_28_12 5, 13, 9
1_24_00 6
4_4_14 8, 16, 4, 12
1_24_16 14
6_19_00 1, 9, 13, 5, 2, 10
2_15_04 6, 14
5_25_06 6, 14, 2, 10, 7
6_23_12 8, 16, 4, 12, 9, 1
8_4_12 7, 15, 3, 11, 8, 16, 4, 12
3_23_20 12, 4, 16
7_4_12 7, 15, 3, 11, 12, 4, 8
1_14_08 4
6_5_18 11, 3, 7, 15, 12, 4
4_1_12 7, 15, 3, 11
8_29_14 11, 3, 7, 15, 8, 16, 4, 12
6_1_18 10, 2, 6, 14, 11, 3
6_9_10 8, 16, 4, 12, 9, 1
4_18_02 2, 10, 14, 6
4_12_04 5, 13, 1, 9
3_18_04 15, 7, 11
5_29_08 8, 16, 4, 12, 5
8_12_18 12, 4, 8, 16, 13, 5, 9, 1
4_13_22 15, 7, 11, 3
8_6_04 4, 12, 16, 8, 5, 13, 1, 9
3_8_00 14, 6, 2
4_15_18 13, 5, 9, 1
4_1_14 8, 16, 4, 12
4_15_08 8, 16, 12
3_29_20 14, 6, 10
4_3_00 1, 9, 13, 5
8_23_00 2, 10, 14, 6, 3, 11, 15, 7
2_26_00 15, 7
8_22_12 8, 16, 4, 12, 9, 1, 5, 13
8_28_10 8, 16, 4, 12, 9, 1, 5, 13
3_31_20 14, 6, 2
3_16_14 7, 15, 11
7_15_10 9, 1, 5, 13, 14, 6, 10
5_28_22 14, 6, 10, 2, 3
7_9_16 11, 3, 7, 15, 12, 4, 8
1_19_12 15
4_30_16 12, 4, 8, 16
3_28_18 8, 16, 12
2_9_10 8, 16
3_4_06 16, 8, 4
6_13_20 14, 6, 10, 2, 11, 3
7_27_04 5, 13, 1, 9, 14, 6, 10
5_28_18 12, 4, 8, 16, 1
8_28_12 9, 1, 5, 13, 10, 2, 6, 14
1_5_14 9
6_2_20 11, 3, 7, 15, 8, 16
3_16_06 3, 11, 7
4_1_22 12, 4, 8, 16
2_8_18 7, 15
3_10_04 1, 9, 13
2_2_20 7, 15
8_28_08 7, 15, 3, 11, 8, 16, 4, 12
4_14_08 8, 16, 4, 12
6_4_10 6, 14, 2, 10, 3, 11
2_7_22 13, 5
4_7_04 4, 12, 16, 8
6_23_14 9, 1, 5, 13, 10, 2
2_31_08 8, 16
4_25_14 10, 2, 6, 14
4_22_00 2, 10, 14, 6
8_17_04 3, 11, 15, 7, 4, 12, 16, 8
6_17_20 11, 3, 7, 15, 12, 4
8_9_14 10, 2, 6, 14, 11, 3, 7, 15
1_15_06 15
1_3_00 9
3_26_16 7, 15, 3
7_27_00 3, 11, 15, 7, 12, 4, 8
7_15_06 7, 15, 3, 11, 12, 4, 8
6_19_14 8, 16, 4, 12, 9, 1
5_18_04 3, 11, 15, 7, 16
5_10_08 7, 15, 3, 11, 4
4_3_02 2, 10, 14, 6
5_22_14 9, 1, 5, 13, 6
2_17_04 3, 11
3_1_10 6, 14, 2
3_31_06 7, 15, 11
6_13_12 10, 2, 6, 14, 7, 15
8_1_06 4, 12, 16, 8, 5, 13, 1, 9
6_21_18 11, 3, 7, 15, 12, 4
3_9_12 9, 1, 5
6_23_00 2, 10, 14, 6, 3, 11
2_1_02 2, 10
1_11_16 3
3_24_06 1, 9, 5
2_19_04 3, 11
5_13_16 12, 4, 8, 16, 9
1_27_22 6
1_2_14 4
7_8_14 9, 1, 5, 13, 14, 6, 10
1_10_20 9
4_10_06 6, 14, 2, 10
7_10_08 7, 15, 3, 11, 4, 12, 16
4_25_10 8, 16, 4, 12
8_30_02 5, 13, 1, 9, 2, 10, 14, 6
2_3_06 4, 12
7_21_10 7, 15, 3, 11, 8, 16, 4
6_26_20 13, 5, 9, 1, 10, 2
8_29_08 8, 16, 4, 12, 5, 13, 1, 9
1_3_14 16
1_21_02 3
5_8_02 3, 11, 15, 7, 8
1_16_14 15
5_2_00 1, 9, 13, 5, 14
4_17_12 7, 15, 3, 11
8_4_18 10, 2, 6, 14, 11, 3, 7, 15
8_7_02 3, 11, 15, 7, 4, 12, 16, 8
7_10_22 14, 6, 10, 2, 11, 3, 7
7_22_22 13, 5, 9, 1, 10, 2, 6
8_9_04 5, 13, 1, 9, 6, 14, 2, 10
1_4_00 5
3_25_10 8, 16, 4
3_7_00 2, 10, 6
4_12_08 7, 15, 3, 11
1_13_22 15
6_24_12 8, 16, 4, 12, 5, 13
7_24_06 5, 13, 1, 9, 10, 2, 6
6_29_02 5, 13, 1, 9, 2, 10
5_24_00 2, 10, 14, 6, 7
8_2_04 3, 11, 15, 7, 4, 12, 16, 8
5_7_04 4, 12, 16, 8, 13
7_14_00 4, 12, 16, 8, 13, 5, 9
6_4_20 11, 3, 7, 15, 8, 16
4_17_20 11, 3, 7, 15
7_7_22 13, 5, 9, 1, 6, 14, 2
7_20_00 1, 9, 13, 5, 6, 14, 2
4_16_16 12, 4, 8, 16
5_29_04 6, 14, 2, 10, 3
2_31_12 10, 2
1_16_20 2
1_27_08 15
3_16_12 6, 14, 10
3_25_04 5, 13, 1
7_27_10 8, 16, 4, 12, 1, 9, 13
4_7_08 6, 14, 2, 10
7_9_08 7, 15, 3, 11, 8, 16, 4
2_12_08 3, 11
4_14_16 12, 4, 8, 16
5_5_16 10, 2, 6, 14, 11
2_2_10 2, 10
1_25_18 12
1_14_20 10
5_1_14 8, 16, 4, 12, 9
1_10_06 2
7_19_12 7, 15, 3, 11, 16, 8, 12
1_11_22 6
5_6_16 10, 2, 6, 14, 7
8_6_22 13, 5, 9, 1, 14, 6, 10, 2
1_4_10 10
1_22_18 7
3_17_16 9, 1, 5
1_12_14 14
3_18_02 14, 6, 10
5_3_10 6, 14, 2, 10, 15
6_30_12 10, 2, 6, 14, 3, 11
3_16_20 10, 2, 14
5_22_22 13, 5, 9, 1, 10
4_7_02 3, 11, 15, 7
3_9_20 13, 5, 9
4_7_10 7, 15, 3, 11
5_16_06 7, 15, 3, 11, 8
7_30_12 10, 2, 6, 14, 3, 11, 15
6_18_06 4, 12, 16, 8, 1, 9
4_29_00 4,12, 16, 8
5_29_14 11, 3, 7, 15, 8
7_31_22 15, 7, 11, 3, 4, 12, 16
3_2_06 16, 8, 12
5_27_22 14, 6, 10, 2, 7
6_25_00 3, 11, 15, 7, 4, 12
1_10_02 16
5_8_18 11, 3, 7, 15, 16
5_31_08 8, 16, 4, 12, 13
2_21_18 11, 3
4_13_00 4,12, 16, 8
6_25_16 11, 3, 7, 15, 12, 4
7_10_18 12, 4, 8, 16, 9, 1, 5
4_29_16 12, 4, 8, 16
6_18_16 9, 1, 5, 13, 6, 14
7_4_22 12, 4, 8, 16, 1, 9, 13
2_23_08 6, 14
2_22_20 8, 16
4_8_08 6, 14, 2, 10
3_25_08 7, 15, 3
5_25_10 8, 16, 4, 12, 9
6_5_20 12, 4, 8, 16, 13, 5
6_4_12 7, 15, 3, 11, 4, 12
4_16_00 4,12, 16, 8
7_19_02 2, 10, 14, 6, 11, 3, 7
2_28_18 8, 16
2_1_12 7, 15
3_23_10 7, 15, 11
2_13_00 4,12
4_27_00 3, 11, 15, 7
1_28_02 8
5_5_04 4, 12, 16, 8, 5
1_29_20 14
8_25_20 13, 5, 9, 1, 14, 6, 10, 2
3_14_02 1, 9, 13
8_23_14 9, 1, 5, 13, 10, 2, 6, 14
1_28_08 11
2_27_20 13, 5
1_11_20 5
5_14_18 13, 5, 9, 1, 6
4_7_18 11, 3, 7, 15
5_16_12 10, 2, 6, 14, 11
6_1_20 11, 3, 7, 15, 12, 4
4_30_10 9, 1, 5, 13
8_4_16 9, 1, 5, 13, 10, 2, 6, 14
3_18_08 1, 9, 13
3_13_10 9, 1, 5
8_1_14 8, 16, 4, 12, 9, 1, 5, 13
1_20_08 9
3_14_12 6, 14, 2
4_28_22 14, 6, 10, 2
1_5_16 10
6_14_02 5, 13, 1, 9, 14, 6
6_26_08 7, 15, 3, 11, 4, 12
5_7_16 10, 2, 6, 14, 3
4_28_00 3, 11, 15, 7
3_6_18 7, 15, 3
7_31_00 4, 12, 16, 8, 9, 1, 5
1_4_14 12
2_24_00 14, 6
2_27_06 6, 14
8_4_08 5, 13, 1, 9, 6, 14, 2, 10
1_12_00 7
1_20_00 5
5_11_14 10, 2, 6, 14, 3
1_28_10 12
2_17_16 9, 1
4_20_06 4, 12, 16, 8
1_6_06 1
5_30_16 12, 4, 8, 16, 5
5_21_20 12, 4, 8, 16, 13
4_12_12 9, 1, 5, 13
3_20_06 16, 8, 4
4_5_08 6, 14, 2, 10
1_3_12 15
1_14_18 9
3_13_08 8, 16, 4
6_7_18 11, 3, 7, 15, 12, 4
8_20_14 8, 16, 4, 12, 9, 1, 5, 13
4_19_06 4, 12, 16, 8
6_2_10 6, 14, 2, 10, 3, 11
7_9_02 4, 12, 16, 8, 5, 13, 1
2_28_04 1, 9
1_1_02 2
1_23_08 14
2_25_06 6, 14
7_11_08 7, 15, 3, 11, 16, 8, 12
1_24_20 16
2_5_12 8, 16
6_31_04 6, 14, 2, 10, 3, 11
2_22_16 6, 14
5_16_16 12, 4, 8, 16, 13
3_9_02 4, 12, 16
7_5_16 10, 2, 6, 14, 11, 3, 7
1_30_00 16
8_6_06 5, 13, 1, 9, 6, 14, 2, 10
7_21_06 5, 13, 1, 9, 6, 14, 2
7_14_04 6, 14, 2, 10, 15, 7, 11
4_1_18 10, 2, 6, 14
5_26_02 4, 12, 16, 8, 1
6_3_18 10, 2, 6, 14, 11, 3
7_5_02 3, 11, 15, 7, 4, 12, 16
2_29_20 14, 6
1_23_20 4
1_2_02 14
3_26_20 9, 1, 5
6_24_10 7, 15, 3, 11, 4, 12
1_29_00 4
4_4_02 2, 10, 14, 6
2_26_06 2, 10
7_4_14 8, 16, 4, 12, 13, 5, 9
2_15_02 5, 13
4_14_06 7, 15, 3, 11
8_21_04 4, 12, 16, 8, 5, 13, 1, 9
7_26_06 6, 14, 2, 10, 3, 11, 15
4_14_20 14, 6, 10, 2
1_5_18 11
8_23_02 3, 11, 15, 7, 4, 12, 16, 8
2_6_00 14, 6
1_20_18 14
4_16_18 13, 5, 9, 1
8_19_00 1, 9, 13, 5, 2, 10, 14, 6
8_13_16 12, 4, 8, 16, 9, 1, 5, 13
8_26_20 13, 5, 9, 1, 14, 6, 10, 2
6_20_22 12, 4, 8, 16, 9, 1
8_22_08 6, 14, 2, 10, 7, 15, 3, 11
4_5_10 7, 15, 3, 11
5_5_14 9, 1, 5, 13, 10
2_7_04 4, 12
4_28_18 12, 4, 8, 16
5_23_18 11, 3, 7, 15, 4
2_20_10 2, 10
4_26_22 14, 6, 10, 2
4_5_04 4, 12, 16, 8
4_9_10 8, 16, 4, 12
8_18_18 10, 2, 6, 14, 11, 3, 7, 15
4_27_12 9, 1, 5, 13
7_19_18 10, 2, 6, 14, 3, 11, 15
7_6_20 12, 4, 8, 16, 9, 1, 5
3_25_00 3, 11, 15
8_30_14 11, 3, 7, 15, 8, 16, 4, 12
6_16_08 8, 16, 4, 12, 1, 9
1_2_20 7
6_4_04 3, 11, 15, 7, 16, 8
6_31_18 13, 5, 9, 1, 10, 2
2_1_22 12, 4
6_3_10 6, 14, 2, 10, 7, 15
4_8_16 10, 2, 6, 14
5_16_20 14, 6, 10, 2, 15
4_9_22 14, 6, 10, 2
3_10_02 16, 8, 12
4_28_02 4, 12, 16, 8
4_4_18 10, 2, 6, 14
6_27_14 10, 2, 6, 14, 11, 3
5_14_00 4, 12, 16, 8, 13
8_14_22 15, 7, 11, 3, 12, 4, 8, 16
4_15_14 11, 3, 7, 15
4_3_14 8, 16, 4, 12
8_14_04 6, 14, 2, 10, 3, 11, 15, 7
7_25_22 14, 6, 10, 2, 15, 7, 11
4_3_12 7, 15, 3, 11
6_22_18 11, 3, 7, 15, 8, 16
4_11_10 8, 16, 4, 12
8_2_08 5, 13, 1, 9, 6, 14, 2, 10
2_19_10 6, 14
4_19_00 1, 9, 13, 5
2_20_00 13, 5
3_22_20 8, 16, 4
3_6_08 2, 10, 14
8_17_00 1, 9, 13, 5, 2, 10, 14, 6
5_31_22 15, 7, 11, 3, 4
3_27_16 11, 3, 15
4_11_02 4, 12, 16, 8
2_7_10 7, 15
3_23_06 5, 13, 9
4_28_12 9, 1, 5, 13
2_3_18 10, 2
8_15_14 11, 3, 7, 15, 8, 16, 4, 12
5_23_04 4, 12, 16, 8, 13
8_21_10 7, 15, 3, 11, 8, 16, 4, 12
2_20_16 5, 13
8_3_08 5, 13, 1, 9, 6, 14, 2, 10
6_26_14 10, 2, 6, 14, 7, 15
8_10_12 9, 1, 5, 13, 10, 2, 6, 14
4_4_10 6, 14, 2, 10
8_22_16 10, 2, 6, 14, 11, 3, 7, 15
1_19_14 16
4_6_16 10, 2, 6, 14
8_24_20 12, 4, 8, 16, 13, 5, 9, 1
5_6_14 9, 1, 5, 13, 6
4_27_06 6, 14, 2, 10
6_8_22 13, 5, 9, 1, 10, 2
2_7_14 9, 1
3_11_04 5, 13, 9
2_14_12 6, 14
8_5_02 3, 11, 15, 7, 4, 12, 16, 8
3_28_22 10, 2, 14
1_22_22 9
1_14_10 5
2_1_00 1, 9
4_4_16 9, 1, 5, 13
5_16_22 15, 7, 11, 3, 16
7_16_22 15, 7, 11, 3, 16, 8, 12
1_15_16 4
3_8_04 16, 8, 4
7_3_08 5, 13, 1, 9, 14, 6, 10
1_8_12 12
2_14_00 16, 8
6_5_08 6, 14, 2, 10, 7, 15
1_24_14 13
4_5_20 12, 4, 8, 16
8_30_12 10, 2, 6, 14, 7, 15, 3, 11
2_15_14 11, 3
2_13_12 10, 2
3_24_12 4, 12, 8
1_28_14 14
8_16_04 6, 14, 2, 10, 3, 11, 15, 7
4_22_22 13, 5, 9, 1
3_14_18 9, 1, 5
1_3_22 4
1_18_14 4
6_5_06 5, 13, 1, 9, 6, 14
7_4_20 11, 3, 7, 15, 16, 8, 12
2_26_22 10, 2
6_10_16 11, 3, 7, 15, 8, 16
6_21_22 13, 5, 9, 1, 14, 6
8_24_14 9, 1, 5, 13, 10, 2, 6, 14
8_22_04 4, 12, 16, 8, 5, 13, 1, 9
5_19_18 10, 2, 6, 14, 3
6_4_22 12, 4, 8, 16, 9, 1
2_26_08 3, 11
3_5_12 8, 16, 4
7_18_14 8, 16, 4, 12, 5, 13, 1
2_24_22 9, 1
6_27_02 4, 12, 16, 8, 5, 13
8_14_06 7, 15, 3, 11, 4, 12, 16, 8
2_25_08 7, 15
7_27_12 9, 1, 5, 13, 2, 10, 14
2_6_18 7, 15
1_27_00 11
7_13_02 5, 13, 1, 9, 2, 10, 14
8_15_06 7, 15, 3, 11, 4, 12, 16, 8
1_21_12 8
6_4_06 4, 12, 16, 8, 1, 9
7_5_04 4, 12, 16, 8, 5, 13, 1
4_24_22 13, 5, 9, 1
1_3_04 11
8_5_16 10, 2, 6, 14, 11, 3, 7, 15
8_21_22 13, 5, 9, 1, 14, 6, 10, 2
4_23_14 9, 1, 5, 13
6_14_08 8, 16, 4, 12, 1, 9
4_30_00 4,12, 16, 8
5_8_08 6, 14, 2, 10, 11
6_28_14 10, 2, 6, 14, 7, 15
3_13_02 5, 13, 1
8_5_14 9, 1, 5, 13, 10, 2, 6, 14
4_8_02 3, 11, 15, 7
4_22_08 6, 14, 2, 10
5_2_22 12, 4, 8, 16, 9
1_17_04 3
4_28_06 6, 14, 2, 10
5_24_16 10, 2, 6, 14, 15
6_14_12 10, 2, 6, 14, 3, 11
4_18_04 3, 11, 15, 7
1_5_02 3
5_31_12 10, 2, 6, 14, 15
3_1_00 1, 9, 13
4_5_12 8, 16, 4, 12
7_10_02 4, 12, 16, 8, 1, 9, 13
1_24_18 15
4_29_12 10, 2, 6, 14
7_29_02 5, 13, 1, 9, 2, 10, 14
8_18_02 2, 10, 14, 6, 3, 11, 15, 7
3_4_14 4, 12, 8
6_20_14 8, 16, 4, 12, 5, 13
3_21_10 7, 15, 3
3_6_12 4, 12, 16
3_26_02 16, 8, 12
6_5_04 4, 12, 16, 8, 5, 13
5_5_22 13, 5, 9, 1, 14
4_16_20 14, 6, 10, 2
4_19_22 12, 4, 8, 16
3_18_20 7, 15, 3
7_2_06 4, 12, 16, 8, 1, 9, 13
6_18_10 6, 14, 2, 10, 3, 11
2_24_16 6, 14
4_31_02 5, 13, 1, 9
5_20_18 10, 2, 6, 14, 15
6_11_22 14, 6, 10, 2, 15, 7
2_5_20 12, 4
3_28_04 1, 9, 5
8_30_04 6, 14, 2, 10, 3, 11, 15, 7
2_22_12 4, 12
2_11_20 13, 5
3_22_06 1, 9, 13
5_23_14 9, 1, 5, 13, 2
2_13_04 6, 14
5_6_06 5, 13, 1, 9, 2
3_3_22 12, 4, 16
5_2_18 10, 2, 6, 14, 7
4_12_10 8, 16, 4, 12
7_8_12 8, 16, 4, 12, 13, 5, 9
8_12_20 13, 5, 9, 1, 14, 6, 10, 2
7_10_10 8, 16, 4, 12, 5, 13, 1
7_19_04 3, 11, 15, 7, 12, 4, 8
2_30_20 10, 2
1_8_16 14
7_23_20 12, 4, 8, 16, 5, 13, 1
5_1_20 11, 3, 7, 15, 12
4_8_00 2, 10, 14, 6
7_6_22 13, 5, 9, 1, 10, 2, 6
6_3_12 7, 15, 3, 11, 8, 16
8_6_02 3, 11, 15, 7, 4, 12, 16, 8
5_7_00 2, 10, 14, 6, 11
8_15_20 14, 6, 10, 2, 11, 3, 7, 15
3_27_04 5, 13, 9
4_13_20 14, 6, 10, 2
6_21_20 12, 4, 8, 16, 13, 5
1_17_10 6
1_26_10 4
4_10_12 9, 1, 5, 13
2_21_20 12, 4
6_13_16 12, 4, 8, 16, 9, 1
2_13_16 12, 4
6_13_10 9, 1, 5, 13, 6, 14
7_12_06 6, 14, 2, 10, 11, 3, 7
4_12_14 10, 2, 6, 14
5_20_10 6, 14, 2, 10, 11
8_31_14 11, 3, 7, 15, 8, 16, 4, 12
8_24_04 4, 12, 16, 8, 5, 13, 1, 9
8_25_16 11, 3, 7, 15, 12, 4, 8, 16
3_19_02 2, 10, 6
4_2_10 6, 14, 2, 10
6_16_06 7, 15, 3, 11, 16, 8
3_22_22 9, 1, 5
4_6_02 3, 11, 15, 7
6_12_16 11, 3, 7, 15, 8, 16
2_14_18 9, 1
6_9_06 6, 14, 2, 10, 7, 15
7_4_08 5, 13, 1, 9, 10, 2, 6
1_20_22 16
4_19_12 7, 15, 3, 11
4_4_22 12, 4, 8, 16
4_25_16 11, 3, 7, 15
6_23_08 6, 14, 2, 10, 7, 15
6_3_14 8, 16, 4, 12, 9, 1
1_9_12 9
2_13_22 15, 7
3_3_04 3, 11, 7
4_31_04 6, 14, 2, 10
4_5_00 2, 10, 14, 6
7_9_04 5, 13, 1, 9, 6, 14, 2
5_6_00 2, 10, 14, 6, 15
3_16_22 11, 3, 15
3_19_16 9, 1, 13
6_20_16 9, 1, 5, 13, 6, 14
3_24_02 15, 7, 3
8_30_06 7, 15, 3, 11, 4, 12, 16, 8
1_25_06 6
6_28_02 4, 12, 16, 8, 1, 9
6_25_12 9, 1, 5, 13, 10, 2
7_27_06 6, 14, 2, 10, 15, 7, 11
8_20_10 6, 14, 2, 10, 7, 15, 3, 11
8_9_02 4, 12, 16, 8, 5, 13, 1, 9
5_9_22 14, 6, 10, 2, 15
3_13_00 4,12, 16
2_31_16 12, 4
3_14_10 5, 13, 1
7_4_16 9, 1, 5, 13, 14, 6, 10
6_26_12 9, 1, 5, 13, 6, 14
7_11_06 6, 14, 2, 10, 15, 7, 11
4_14_04 6, 14, 2, 10
5_19_00 1, 9, 13, 5, 10
3_20_12 3, 11, 7
3_5_22 13, 5, 9
4_13_08 8, 16, 4, 12
3_26_04 1, 9, 13
4_9_06 6, 14, 2, 10
7_1_22 12, 4, 8, 16, 13, 5, 9
5_12_16 11, 3, 7, 15, 16
5_25_00 3, 11, 15, 7, 4
6_14_10 9, 1, 5, 13, 2, 10
8_26_06 6, 14, 2, 10, 7, 15, 3, 11
7_5_20 12, 4, 8, 16, 13, 5, 9
2_12_10 4, 12
8_15_16 12, 4, 8, 16, 9, 1, 5, 13
2_23_22 13, 5
3_23_18 11, 3, 15
8_13_14 11, 3, 7, 15, 8, 16, 4, 12
8_20_20 11, 3, 7, 15, 12, 4, 8, 16
6_1_12 7, 15, 3, 11, 8, 16
1_12_10 12
5_4_18 10, 2, 6, 14, 15
8_13_12 10, 2, 6, 14, 7, 15, 3, 11
2_15_20 14, 6
2_10_00 15, 7
5_20_22 12, 4, 8, 16, 1
3_25_16 11, 3, 7
3_31_18 13, 5, 1
7_14_08 8, 16, 4, 12, 1, 9, 13
7_24_16 10, 2, 6, 14, 15, 7, 11
2_12_16 7, 15
5_3_22 12, 4, 8, 16, 5
4_13_16 12, 4, 8, 16
1_21_14 9
5_10_10 8, 16, 4, 12, 5
7_19_00 1, 9, 13, 5, 10, 2, 6
8_6_08 6, 14, 2, 10, 7, 15, 3, 11
6_19_22 12, 4, 8, 16, 13, 5
7_2_02 2, 10, 14, 6, 15, 7, 11
7_16_02 5, 13, 1, 9, 6, 14, 2
3_18_12 3, 11, 15
2_8_02 15, 7
8_6_10 7, 15, 3, 11, 8, 16, 4, 12
4_23_08 6, 14, 2, 10
5_18_16 9, 1, 5, 13, 6
2_31_14 11, 3
5_21_06 5, 13, 1, 9, 6
8_28_00 3, 11, 15, 7, 4, 12, 16, 8
2_24_18 7, 15
6_22_20 12, 4, 8, 16, 9, 1
3_11_20 13, 5, 1
5_10_20 13, 5, 9, 1, 10
7_12_02 4, 12, 16, 8, 9, 1, 5
3_1_16 9, 1, 5
1_22_08 2
1_10_10 4
4_12_20 13, 5, 9, 1
8_11_00 3, 11, 15, 7, 4, 12, 16, 8
5_16_02 5, 13, 1, 9, 6
5_24_18 11, 3, 7, 15, 16
2_8_20 8, 16
8_26_00 3, 11, 15, 7, 4, 12, 16, 8
1_2_08 1
7_28_16 11, 3, 7, 15, 16, 8, 12
3_31_04 6, 14, 10
5_22_10 7, 15, 3, 11, 4
1_15_00 12
8_10_04 5, 13, 1, 9, 6, 14, 2, 10
1_17_08 5
6_27_22 14, 6, 10, 2, 15, 7
5_13_00 4, 12, 16, 8, 1
2_11_02 4, 12
4_11_12 9, 1, 5, 13
5_25_02 4, 12, 16, 8, 5
7_18_00 1, 9, 13, 5, 14, 6, 10
2_25_20 13, 5
5_27_14 10, 2, 6, 14, 3
7_17_12 7, 15, 3, 11, 8, 16, 4
1_8_22 1
8_29_04 6, 14, 2, 10, 3, 11, 15, 7
8_8_04 4, 12, 16, 8, 5, 13, 1, 9
6_20_02 2, 10, 14, 6, 15, 7
6_30_10 9, 1, 5, 13, 2, 10
5_9_04 5, 13, 1, 9, 6
7_21_16 10, 2, 6, 14, 11, 3, 7
4_23_04 4, 12, 16, 8
8_4_06 4, 12, 16, 8, 5, 13, 1, 9
4_25_06 6, 14, 2, 10
6_2_16 9, 1, 5, 13, 6, 14
3_14_14 7, 15, 3
7_1_14 8, 16, 4, 12, 9, 1, 5
5_3_08 5, 13, 1, 9, 14
2_15_10 9, 1
7_3_22 12, 4, 8, 16, 5, 13, 1
7_6_04 4, 12, 16, 8, 1, 9, 13
1_13_00 4
6_30_02 5, 13, 1, 9, 14, 6
8_7_08 6, 14, 2, 10, 7, 15, 3, 11
4_6_08 6, 14, 2, 10
4_27_18 12, 4, 8, 16
3_11_14 10, 2, 14
3_28_00 15, 7, 3
3_12_12 5, 13, 9
7_5_22 13, 5, 9, 1, 14, 6, 10
5_2_16 9, 1, 5, 13, 6
6_9_08 7, 15, 3, 11, 8, 16
8_8_12 8, 16, 4, 12, 9, 1, 5, 13
1_2_16 5
8_3_04 3, 11, 15, 7, 4, 12, 16, 8
2_24_04 16, 8
3_30_00 16, 8, 12
5_22_04 4, 12, 16, 8, 1
3_3_08 5, 13, 9
2_30_18 9, 1
4_24_10 7, 15, 3, 11
2_12_04 1, 9
7_15_08 8, 16, 4, 12, 13, 5, 9
5_15_14 11, 3, 7, 15, 16
6_23_18 11, 3, 7, 15, 12, 4
4_20_10 6, 14, 2, 10
3_5_20 12, 4, 8
2_16_20 10, 2
7_19_22 12, 4, 8, 16, 5, 13, 1
3_3_14 8, 16, 12
7_27_20 13, 5, 9, 1, 6, 14, 2
8_23_04 4, 12, 16, 8, 5, 13, 1, 9
1_17_20 11
4_11_08 7, 15, 3, 11
8_12_00 3, 11, 15, 7, 4, 12, 16, 8
2_15_06 7, 15
8_13_02 5, 13, 1, 9, 2, 10, 14, 6
2_20_22 8, 16
7_9_14 10, 2, 6, 14, 11, 3, 7
7_11_12 9, 1, 5, 13, 2, 10, 14
6_14_14 11, 3, 7, 15, 4, 12
1_6_00 14
7_13_08 8, 16, 4, 12, 5, 13, 1
8_10_20 13, 5, 9, 1, 14, 6, 10, 2
5_9_16 11, 3, 7, 15, 12
1_24_02 7
8_10_18 12, 4, 8, 16, 13, 5, 9, 1
2_30_04 2, 10
4_6_18 11, 3, 7, 15
4_8_12 8, 16, 4, 12
5_30_02 5, 13, 1, 9, 14
3_31_12 10, 2, 14
6_4_16 9, 1, 5, 13, 6, 14
4_30_06 7, 15, 3, 11
6_13_08 8, 16, 4, 12, 5, 13
1_20_14 12
4_10_18 12, 4, 8, 16
1_22_06 1
5_17_00 1, 9, 13, 5, 2
5_1_06 4, 12, 16, 8, 5
7_15_14 11, 3, 7, 15, 16, 8, 12
1_15_18 5
1_16_12 14
8_7_20 12, 4, 8, 16, 13, 5, 9, 1
6_16_16 12, 4, 8, 16, 5, 13
7_12_04 5, 13, 1, 9, 10, 2, 6
2_21_00 2, 10
3_17_22 12, 4, 8
5_14_14 11, 3, 7, 15, 4
5_26_06 6, 14, 2, 10, 3
7_1_20 11, 3, 7, 15, 12, 4, 8
7_26_02 4, 12, 16, 8, 1, 9, 13
2_27_00 3, 11
3_12_16 7, 15, 11
6_4_00 1, 9, 13, 5, 14, 6
1_1_16 9
3_23_08 6, 14, 10
6_29_22 15, 7, 11, 3, 12, 4
4_12_22 14, 6, 10, 2
5_25_08 7, 15, 3, 11, 8
8_19_16 9, 1, 5, 13, 10, 2, 6, 14
5_22_20 12, 4, 8, 16, 9
8_9_00 3, 11, 15, 7, 4, 12, 16, 8
5_21_00 2, 10, 14, 6, 3
1_27_10 16
5_29_18 13, 5, 9, 1, 10
7_14_12 10, 2, 6, 14, 3, 11, 15
8_20_08 5, 13, 1, 9, 6, 14, 2, 10
3_26_14 6, 14, 2
7_13_04 6, 14, 2, 10, 3, 11, 15
8_18_16 9, 1, 5, 13, 10, 2, 6, 14
2_3_08 5, 13
6_31_20 14, 6, 10, 2, 11, 3
3_9_04 5, 13, 1
8_21_08 6, 14, 2, 10, 7, 15, 3, 11
3_11_08 7, 15, 11
2_29_22 15, 7
3_4_18 6, 14, 10
8_29_10 9, 1, 5, 13, 6, 14, 2, 10
4_15_10 9, 1, 5, 13
7_22_06 5, 13, 1, 9, 2, 10, 14
4_9_08 7, 15, 3, 11
4_17_18 10, 2, 6, 14
1_26_02 16
2_22_02 15, 7
2_27_04 5, 13
5_29_10 9, 1, 5, 13, 6
2_23_04 4, 12
2_16_10 5, 13
6_7_08 6, 14, 2, 10, 7, 15
3_24_10 3, 11, 7
6_11_14 10, 2, 6, 14, 11, 3
3_15_06 7, 15, 11
2_3_16 9, 1
5_8_00 2, 10, 14, 6, 7
8_7_04 4, 12, 16, 8, 5, 13, 1, 9
4_9_18 12, 4, 8, 16
7_31_18 13, 5, 9, 1, 2, 10, 14
7_23_18 11, 3, 7, 15, 4, 12, 16
3_29_04 6, 14, 2
5_31_20 14, 6, 10, 2, 3
2_9_02 4, 12
5_5_00 2, 10, 14, 6, 3
8_9_12 9, 1, 5, 13, 10, 2, 6, 14
1_31_22 7
4_14_14 11, 3, 7, 15
4_11_22 14, 6, 10, 2
8_28_20 13, 5, 9, 1, 14, 6, 10, 2
6_31_14 11, 3, 7, 15, 8, 16
1_13_20 14
4_24_20 12, 4, 8, 16
2_11_18 12, 4
2_25_18 12, 4
7_28_22 14, 6, 10, 2, 3, 11, 15
5_21_04 4, 12, 16, 8, 5
6_9_16 11, 3, 7, 15, 12, 4
7_8_06 5, 13, 1, 9, 10, 2, 6
3_11_02 4, 12, 8
3_10_16 7, 15, 3
2_10_14 6, 14
1_16_16 16
8_25_02 4, 12, 16, 8, 5, 13, 1, 9
3_17_04 3, 11, 15
7_17_22 12, 4, 8, 16, 13, 5, 9
8_31_04 6, 14, 2, 10, 3, 11, 15, 7
4_25_02 4, 12, 16, 8
2_11_10 8, 16
2_29_14 11, 3
7_7_08 6, 14, 2, 10, 15, 7, 11
5_11_20 13, 5, 9, 1, 6
8_12_10 8, 16, 4, 12, 9, 1, 5, 13
6_23_22 13, 5, 9, 1, 14, 6
2_28_06 2, 10
2_4_00 13, 5
5_15_10 9, 1, 5, 13, 14
2_3_04 3, 11
1_9_02 4
1_18_08 1
4_7_20 12, 4, 8, 16
7_6_06 5, 13, 1, 9, 2, 10, 14
4_1_10 6, 14, 2, 10
4_13_14 11, 3, 7, 15
1_18_12 3
7_16_06 7, 15, 3, 11, 8, 16, 4
2_9_16 11, 3
2_14_10 5, 13
5_25_04 5, 13, 1, 9, 6
3_12_08 3, 11, 7
7_22_16 10, 2, 6, 14, 7, 15, 3
7_14_18 13, 5, 9, 1, 6, 14, 2
7_20_10 6, 14, 2, 10, 11, 3, 7
4_14_02 5, 13, 1, 9
1_19_10 14
7_16_20 14, 6, 10, 2, 15, 7, 11
1_12_08 11
7_11_14 10, 2, 6, 14, 3, 11, 15
3_26_22 10, 2, 6
1_14_04 2
2_25_22 14, 6
7_3_16 9, 1, 5, 13, 2, 10, 14
2_28_10 4, 12
3_1_22 12, 4, 8
2_10_08 3, 11
8_3_06 4, 12, 16, 8, 5, 13, 1, 9
2_11_14 10, 2
3_30_22 11, 3, 7
8_10_02 4, 12, 16, 8, 5, 13, 1, 9
5_27_10 8, 16, 4, 12, 1
7_8_16 10, 2, 6, 14, 15, 7, 11
3_16_18 9, 1, 13
2_23_20 12, 4
8_17_10 6, 14, 2, 10, 7, 15, 3, 11
1_12_20 1
4_8_14 9, 1, 5, 13
4_17_14 8, 16, 4, 12
5_12_10 8, 16, 4, 12, 13
1_9_06 6
8_2_20 11, 3, 7, 15, 12, 4, 8, 16
7_23_12 8, 16, 4, 12, 1, 9, 13
2_4_08 1, 9
8_16_22 15, 7, 11, 3, 12, 4, 8, 16
7_3_04 3, 11, 15, 7, 12, 4, 8
6_21_08 6, 14, 2, 10, 7, 15
2_4_14 4, 12
1_16_10 13
1_8_08 10
4_20_20 11, 3, 7, 15
1_21_18 11
7_9_12 9, 1, 5, 13, 10, 2, 6
4_29_10 9, 1, 5, 13
6_5_22 13, 5, 9, 1, 14, 6
1_4_18 14
1_11_18 4
1_21_16 10
5_12_04 5, 13, 1, 9, 10
5_9_10 8, 16, 4, 12, 9
2_27_12 9, 1
7_17_20 11, 3, 7, 15, 12, 4, 8
6_10_00 3, 11, 15, 7, 16, 8
8_31_16 12, 4, 8, 16, 9, 1, 5, 13
4_31_14 11, 3, 7, 15
6_23_16 10, 2, 6, 14, 11, 3
8_24_12 8, 16, 4, 12, 9, 1, 5, 13
6_29_12 10, 2, 6, 14, 7, 15
5_23_02 3, 11, 15, 7, 12
8_8_00 2, 10, 14, 6, 3, 11, 15, 7
2_2_14 4, 12
7_5_18 11, 3, 7, 15, 12, 4, 8
8_31_22 15, 7, 11, 3, 12, 4, 8, 16
7_16_12 10, 2, 6, 14, 11, 3, 7
4_20_16 9, 1, 5, 13
2_8_16 6, 14
3_7_18 11, 3, 15
3_12_10 4, 12, 8
3_16_16 8, 16, 12
7_28_10 8, 16, 4, 12, 13, 5, 9
4_25_20 13, 5, 9, 1
8_17_14 8, 16, 4, 12, 9, 1, 5, 13
2_8_08 2, 10
3_3_18 10, 2, 14
7_11_22 14, 6, 10, 2, 7, 15, 3
3_20_22 8, 16, 12
3_9_16 11, 3, 7
1_6_14 5
4_2_08 5, 13, 1, 9
5_18_08 5, 13, 1, 9, 2
1_24_08 10
2_7_08 6, 14
8_14_14 11, 3, 7, 15, 8, 16, 4, 12
1_26_06 2
3_22_14 5, 13, 1
8_3_22 12, 4, 8, 16, 13, 5, 9, 1
3_13_14 11, 3, 7
7_10_06 6, 14, 2, 10, 3, 11, 15
6_6_14 9, 1, 5, 13, 6, 14
1_19_06 12
1_18_20 7
7_16_14 11, 3, 7, 15, 12, 4, 8
7_28_08 7, 15, 3, 11, 12, 4, 8
