6_23_18 11, 3, 7, 15, 12, 4
7_5_10 7, 15, 3, 11, 8, 16, 4
3_13_06 7, 15, 3
6_23_14 9, 1, 5, 13, 10, 2
1_27_14 2
6_23_00 2, 10, 14, 6, 3, 11
8_16_20 14, 6, 10, 2, 11, 3, 7, 15
8_20_16 9, 1, 5, 13, 10, 2, 6, 14
7_28_22 14, 6, 10, 2, 3, 11, 15
6_29_12 10, 2, 6, 14, 7, 15
5_23_10 7, 15, 3, 11, 16
8_19_00 1, 9, 13, 5, 2, 10, 14, 6
3_15_04 6, 14, 10
6_24_18 11, 3, 7, 15, 8, 16
8_22_12 8, 16, 4, 12, 9, 1, 5, 13
3_12_06 2, 10, 6
7_14_10 9, 1, 5, 13, 2, 10, 14
4_20_08 5, 13, 1, 9
5_22_06 5, 13, 1, 9, 2
6_1_12 7, 15, 3, 11, 8, 16
5_14_12 10, 2, 6, 14, 3
2_4_04 15, 7
8_30_10 9, 1, 5, 13, 6, 14, 2, 10
4_12_20 13, 5, 9, 1
4_6_20 12, 4, 8, 16
7_30_18 13, 5, 9, 1, 6, 14, 2
1_25_06 6
8_16_12 10, 2, 6, 14, 7, 15, 3, 11
5_30_02 5, 13, 1, 9, 14
5_16_16 12, 4, 8, 16, 13
6_25_10 8, 16, 4, 12, 9, 1
8_15_22 15, 7, 11, 3, 12, 4, 8, 16
3_20_06 16, 8, 4
8_15_08 8, 16, 4, 12, 5, 13, 1, 9
8_24_02 3, 11, 15, 7, 4, 12, 16, 8
6_9_20 13, 5, 9, 1, 14, 6
5_9_16 11, 3, 7, 15, 12
4_8_14 9, 1, 5, 13
8_12_12 9, 1, 5, 13, 10, 2, 6, 14
7_11_22 14, 6, 10, 2, 7, 15, 3
7_11_06 6, 14, 2, 10, 15, 7, 11
8_22_16 10, 2, 6, 14, 11, 3, 7, 15
6_31_04 6, 14, 2, 10, 3, 11
7_13_16 12, 4, 8, 16, 9, 1, 5
2_2_06 16, 8
1_9_10 8
7_7_22 13, 5, 9, 1, 6, 14, 2
2_27_00 3, 11
4_27_16 11, 3, 7, 15
1_3_16 1
7_16_00 4, 12, 16, 8, 5, 13, 1
5_2_02 2, 10, 14, 6, 15
8_14_04 6, 14, 2, 10, 3, 11, 15, 7
2_19_06 4, 12
1_30_18 9
6_18_20 11, 3, 7, 15, 8, 16
2_27_06 6, 14
4_27_22 14, 6, 10, 2
6_17_16 9, 1, 5, 13, 10, 2
1_31_04 14
1_3_04 11
8_10_08 7, 15, 3, 11, 8, 16, 4, 12
2_11_16 11, 3
1_29_18 13
5_17_06 4, 12, 16, 8, 5
7_1_10 6, 14, 2, 10, 7, 15, 3
4_6_14 9, 1, 5, 13
5_5_20 12, 4, 8, 16, 13
8_24_08 6, 14, 2, 10, 7, 15, 3, 11
8_11_00 3, 11, 15, 7, 4, 12, 16, 8
3_1_08 5, 13, 1
7_10_10 8, 16, 4, 12, 5, 13, 1
3_8_06 1, 9, 5
5_11_18 12, 4, 8, 16, 5
3_17_18 10, 2, 6
4_30_06 7, 15, 3, 11
7_1_20 11, 3, 7, 15, 12, 4, 8
3_7_18 11, 3, 15
5_23_16 10, 2, 6, 14, 3
6_25_22 14, 6, 10, 2, 15, 7
4_20_14 8, 16, 4, 12
7_24_02 3, 11, 15, 7, 8, 16, 4
4_16_20 14, 6, 10, 2
6_11_00 3, 11, 15, 7, 4, 12
3_30_00 16, 8, 12
6_31_02 5, 13, 1, 9, 2, 10
4_23_18 11, 3, 7, 15
2_1_06 4, 12
1_21_16 10
5_14_20 14, 6, 10, 2, 7
6_16_16 12, 4, 8, 16, 5, 13
4_19_14 8, 16, 4, 12
5_8_20 12, 4, 8, 16, 1
3_9_10 8, 16, 4
3_25_18 12, 4, 8
6_31_08 8, 16, 4, 12, 5, 13
1_18_16 5
5_6_08 6, 14, 2, 10, 3
4_20_20 11, 3, 7, 15
7_11_20 13, 5, 9, 1, 6, 14, 2
8_9_00 3, 11, 15, 7, 4, 12, 16, 8
5_14_16 12, 4, 8, 16, 5
5_14_14 11, 3, 7, 15, 4
8_10_04 5, 13, 1, 9, 6, 14, 2, 10
4_12_00 3, 11, 15, 7
7_2_20 11, 3, 7, 15, 8, 16, 4
3_29_22 15, 7, 11
8_10_06 6, 14, 2, 10, 7, 15, 3, 11
7_3_06 4, 12, 16, 8, 13, 5, 9
5_6_22 13, 5, 9, 1, 10
8_3_04 3, 11, 15, 7, 4, 12, 16, 8
1_25_18 12
5_21_16 10, 2, 6, 14, 11
7_28_14 10, 2, 6, 14, 15, 7, 11
6_5_20 12, 4, 8, 16, 13, 5
1_15_20 6
1_27_00 11
1_10_00 15
6_15_10 9, 1, 5, 13, 6, 14
1_27_08 15
6_20_12 7, 15, 3, 11, 4, 12
8_7_22 13, 5, 9, 1, 14, 6, 10, 2
6_20_08 5, 13, 1, 9, 2, 10
8_12_08 7, 15, 3, 11, 8, 16, 4, 12
8_4_14 8, 16, 4, 12, 9, 1, 5, 13
3_9_18 12, 4, 8
5_12_20 13, 5, 9, 1, 2
3_5_14 9, 1, 5
5_28_14 10, 2, 6, 14, 15
2_29_10 9, 1
6_25_02 4, 12, 16, 8, 5, 13
7_6_08 6, 14, 2, 10, 3, 11, 15
3_2_18 6, 14, 2
8_30_14 11, 3, 7, 15, 8, 16, 4, 12
4_10_10 8, 16, 4, 12
2_26_18 8, 16
8_20_12 7, 15, 3, 11, 8, 16, 4, 12
8_13_14 11, 3, 7, 15, 8, 16, 4, 12
1_6_14 5
6_18_22 12, 4, 8, 16, 9, 1
5_10_10 8, 16, 4, 12, 5
2_12_02 16, 8
2_23_16 10, 2
2_24_00 14, 6
4_22_10 7, 15, 3, 11
3_6_20 8, 16, 4
8_23_04 4, 12, 16, 8, 5, 13, 1, 9
7_3_16 9, 1, 5, 13, 2, 10, 14
5_27_14 10, 2, 6, 14, 3
3_19_02 2, 10, 6
6_25_18 12, 4, 8, 16, 13, 5
6_6_04 4, 12, 16, 8, 1, 9
1_22_18 7
2_16_18 9, 1
6_30_08 8, 16, 4, 12, 1, 9
6_31_22 15, 7, 11, 3, 12, 4
5_16_02 5, 13, 1, 9, 6
6_16_04 6, 14, 2, 10, 15, 7
5_11_00 3, 11, 15, 7, 12
2_10_08 3, 11
8_17_10 6, 14, 2, 10, 7, 15, 3, 11
4_3_16 9, 1, 5, 13
1_8_02 7
8_5_02 3, 11, 15, 7, 4, 12, 16, 8
4_5_12 8, 16, 4, 12
5_23_00 2, 10, 14, 6, 11
7_17_12 7, 15, 3, 11, 8, 16, 4
5_1_04 3, 11, 15, 7, 4
4_24_12 8, 16, 4, 12
5_24_08 6, 14, 2, 10, 11
6_23_08 6, 14, 2, 10, 7, 15
1_25_20 13
3_27_08 7, 15, 11
1_27_18 4
5_12_18 12, 4, 8, 16, 1
3_21_00 2, 10, 14
2_15_16 12, 4
6_29_14 11, 3, 7, 15, 8, 16
8_19_20 11, 3, 7, 15, 12, 4, 8, 16
6_23_20 12, 4, 8, 16, 13, 5
4_25_04 5, 13, 1, 9
8_8_02 3, 11, 15, 7, 4, 12, 16, 8
3_25_20 13, 5, 9
5_18_20 11, 3, 7, 15, 8
4_2_08 5, 13, 1, 9
2_18_02 14, 6
2_16_02 1, 9
1_13_08 8
4_14_22 15, 7, 11, 3
5_23_14 9, 1, 5, 13, 2
2_24_06 1, 9
4_3_08 5, 13, 1, 9
7_12_20 13, 5, 9, 1, 2, 10, 14
3_6_02 15, 7, 11
8_23_14 9, 1, 5, 13, 10, 2, 6, 14
5_4_04 3, 11, 15, 7, 8
5_14_22 15, 7, 11, 3, 8
2_21_00 2, 10
6_31_20 14, 6, 10, 2, 11, 3
2_12_06 2, 10
2_17_00 1, 9
4_28_20 13, 5, 9, 1
7_31_18 13, 5, 9, 1, 2, 10, 14
4_16_02 5, 13, 1, 9
5_23_18 11, 3, 7, 15, 4
8_16_14 11, 3, 7, 15, 8, 16, 4, 12
7_13_00 4, 12, 16, 8, 1, 9, 13
1_16_02 9
1_14_20 10
5_27_20 13, 5, 9, 1, 6
5_30_22 15, 7, 11, 3, 8
7_8_20 12, 4, 8, 16, 1, 9, 13
5_5_04 4, 12, 16, 8, 5
5_17_22 12, 4, 8, 16, 13
2_18_20 7, 15
6_13_06 7, 15, 3, 11, 4, 12
1_27_04 13
2_6_18 7, 15
8_7_18 11, 3, 7, 15, 12, 4, 8, 16
8_3_10 6, 14, 2, 10, 7, 15, 3, 11
7_28_18 12, 4, 8, 16, 1, 9, 13
4_31_06 7, 15, 3, 11
8_2_02 2, 10, 14, 6, 3, 11, 15, 7
8_11_18 12, 4, 8, 16, 13, 5, 9, 1
3_23_18 11, 3, 15
7_20_02 2, 10, 14, 6, 7, 15, 3
2_7_10 7, 15
4_7_10 7, 15, 3, 11
3_29_10 9, 1, 5
3_10_18 8, 16, 4
7_16_06 7, 15, 3, 11, 8, 16, 4
5_25_10 8, 16, 4, 12, 9
7_14_08 8, 16, 4, 12, 1, 9, 13
1_20_18 14
2_9_00 3, 11
3_2_14 4, 12, 16
2_16_08 4, 12
7_26_16 11, 3, 7, 15, 8, 16, 4
6_30_18 13, 5, 9, 1, 6, 14
7_9_00 3, 11, 15, 7, 4, 12, 16
4_30_02 5, 13, 1, 9
4_23_10 7, 15, 3, 11
3_24_20 8, 16, 12
7_11_14 10, 2, 6, 14, 3, 11, 15
7_1_06 4, 12, 16, 8, 5, 13, 1
8_6_06 5, 13, 1, 9, 6, 14, 2, 10
7_21_14 9, 1, 5, 13, 10, 2, 6
7_21_12 8, 16, 4, 12, 9, 1, 5
7_27_10 8, 16, 4, 12, 1, 9, 13
2_26_20 9, 1
1_17_12 7
6_13_16 12, 4, 8, 16, 9, 1
6_3_10 6, 14, 2, 10, 7, 15
1_14_04 2
4_26_00 3, 11, 15, 7
6_20_18 10, 2, 6, 14, 7, 15
5_29_12 10, 2, 6, 14, 7
6_25_14 10, 2, 6, 14, 11, 3
4_24_02 3, 11, 15, 7
5_7_06 5, 13, 1, 9, 14
6_12_04 5, 13, 1, 9, 2, 10
8_2_10 6, 14, 2, 10, 7, 15, 3, 11
6_25_08 7, 15, 3, 11, 8, 16
6_19_12 7, 15, 3, 11, 8, 16
3_16_04 2, 10, 6
1_12_22 2
6_6_08 6, 14, 2, 10, 3, 11
6_25_06 6, 14, 2, 10, 7, 15
1_1_06 4
4_16_14 11, 3, 7, 15
4_21_22 13, 5, 9, 1
8_9_06 6, 14, 2, 10, 7, 15, 3, 11
3_10_14 6, 14, 2
1_10_22 10
5_24_02 3, 11, 15, 7, 8
8_18_12 7, 15, 3, 11, 8, 16, 4, 12
7_27_16 11, 3, 7, 15, 4, 12, 16
3_7_02 3, 11, 7
6_19_00 1, 9, 13, 5, 2, 10
6_26_12 9, 1, 5, 13, 6, 14
4_7_06 5, 13, 1, 9
4_14_10 9, 1, 5, 13
1_9_12 9
2_3_18 10, 2
2_1_02 2, 10
7_25_16 11, 3, 7, 15, 12, 4, 8
6_5_08 6, 14, 2, 10, 7, 15
2_30_10 5, 13
8_4_10 6, 14, 2, 10, 7, 15, 3, 11
7_30_14 11, 3, 7, 15, 4, 12, 16
1_5_02 3
6_4_20 11, 3, 7, 15, 8, 16
1_1_04 3
7_1_08 5, 13, 1, 9, 6, 14, 2
2_24_20 8, 16
8_10_00 3, 11, 15, 7, 4, 12, 16, 8
7_26_04 5, 13, 1, 9, 2, 10, 14
7_2_12 7, 15, 3, 11, 4, 12, 16
6_22_18 11, 3, 7, 15, 8, 16
4_21_18 11, 3, 7, 15
8_21_18 11, 3, 7, 15, 12, 4, 8, 16
3_14_22 11, 3, 7
4_28_00 3, 11, 15, 7
4_6_02 3, 11, 15, 7
3_30_10 5, 13, 1
4_26_02 4, 12, 16, 8
5_18_08 5, 13, 1, 9, 2
6_20_20 11, 3, 7, 15, 8, 16
3_23_16 10, 2, 14
8_30_20 14, 6, 10, 2, 11, 3, 7, 15
1_28_16 15
3_21_12 8, 16, 4
7_31_16 12, 4, 8, 16, 1, 9, 13
4_4_18 10, 2, 6, 14
4_12_18 12, 4, 8, 16
2_21_02 3, 11
7_30_10 9, 1, 5, 13, 2, 10, 14
7_14_00 4, 12, 16, 8, 13, 5, 9
1_16_00 8
8_22_00 2, 10, 14, 6, 3, 11, 15, 7
6_10_02 4, 12, 16, 8, 1, 9
6_11_16 11, 3, 7, 15, 12, 4
2_29_20 14, 6
7_6_22 13, 5, 9, 1, 10, 2, 6
7_6_06 5, 13, 1, 9, 2, 10, 14
4_2_22 12, 4, 8, 16
5_30_12 10, 2, 6, 14, 3
3_19_12 7, 15, 11
6_1_10 6, 14, 2, 10, 7, 15
3_7_00 2, 10, 6
6_29_08 8, 16, 4, 12, 5, 13
3_23_20 12, 4, 16
6_28_20 13, 5, 9, 1, 10, 2
5_30_00 4, 12, 16, 8, 13
2_17_12 7, 15
2_30_06 3, 11
7_12_12 9, 1, 5, 13, 14, 6, 10
5_24_04 4, 12, 16, 8, 9
2_20_22 8, 16
2_29_22 15, 7
4_9_06 6, 14, 2, 10
1_28_22 2
1_1_00 1
2_16_06 3, 11
6_12_02 4, 12, 16, 8, 1, 9
8_9_14 10, 2, 6, 14, 11, 3, 7, 15
7_6_10 7, 15, 3, 11, 4, 12, 16
6_27_22 14, 6, 10, 2, 15, 7
7_26_18 12, 4, 8, 16, 9, 1, 5
2_22_02 15, 7
1_19_16 1
4_13_00 4,12, 16, 8
4_24_10 7, 15, 3, 11
1_1_10 6
2_23_08 6, 14
4_21_06 5, 13, 1, 9
5_13_00 4, 12, 16, 8, 1
1_25_10 8
6_7_06 5, 13, 1, 9, 6, 14
5_18_18 10, 2, 6, 14, 7
2_24_02 15, 7
8_23_22 13, 5, 9, 1, 14, 6, 10, 2
4_5_20 12, 4, 8, 16
4_16_12 10, 2, 6, 14
3_24_14 5, 13, 9
3_3_14 8, 16, 12
8_8_12 8, 16, 4, 12, 9, 1, 5, 13
6_7_22 13, 5, 9, 1, 14, 6
2_9_02 4, 12
2_18_04 15, 7
3_26_00 15, 7, 11
2_28_10 4, 12
2_15_04 6, 14
8_6_12 8, 16, 4, 12, 9, 1, 5, 13
5_7_20 12, 4, 8, 16, 5
2_26_12 5, 13
2_3_20 11, 3
1_2_06 16
1_13_10 9
7_2_02 2, 10, 14, 6, 15, 7, 11
5_24_10 7, 15, 3, 11, 12
3_3_16 9, 1, 13
4_8_04 4, 12, 16, 8
8_26_04 5, 13, 1, 9, 6, 14, 2, 10
6_21_06 5, 13, 1, 9, 6, 14
4_13_18 13, 5, 9, 1
4_30_12 10, 2, 6, 14
5_1_08 5, 13, 1, 9, 6
6_14_14 11, 3, 7, 15, 4, 12
7_22_06 5, 13, 1, 9, 2, 10, 14
5_11_12 9, 1, 5, 13, 2
6_22_22 13, 5, 9, 1, 10, 2
5_25_08 7, 15, 3, 11, 8
8_14_18 13, 5, 9, 1, 10, 2, 6, 14
3_2_08 1, 9, 13
6_2_06 4, 12, 16, 8, 1, 9
4_12_22 14, 6, 10, 2
3_26_04 1, 9, 13
8_25_14 10, 2, 6, 14, 11, 3, 7, 15
4_5_22 13, 5, 9, 1
5_1_14 8, 16, 4, 12, 9
3_23_04 4, 12, 8
6_17_04 3, 11, 15, 7, 4, 12
1_11_14 2
8_25_06 6, 14, 2, 10, 7, 15, 3, 11
3_30_14 7, 15, 3
6_15_20 14, 6, 10, 2, 11, 3
4_25_22 14, 6, 10, 2
6_20_16 9, 1, 5, 13, 6, 14
7_29_16 12, 4, 8, 16, 9, 1, 5
2_21_18 11, 3
7_24_20 12, 4, 8, 16, 1, 9, 13
5_21_06 5, 13, 1, 9, 6
1_22_10 3
2_12_14 6, 14
8_11_02 4, 12, 16, 8, 5, 13, 1, 9
6_1_06 4, 12, 16, 8, 5, 13
6_18_02 2, 10, 14, 6, 15, 7
4_11_12 9, 1, 5, 13
7_25_06 6, 14, 2, 10, 7, 15, 3
6_9_00 3, 11, 15, 7, 4, 12
5_19_22 12, 4, 8, 16, 5
1_14_10 5
5_12_02 4, 12, 16, 8, 9
7_24_18 11, 3, 7, 15, 16, 8, 12
2_20_16 5, 13
7_10_12 9, 1, 5, 13, 6, 14, 2
3_13_14 11, 3, 7
6_3_16 9, 1, 5, 13, 10, 2
5_14_08 8, 16, 4, 12, 1
1_4_22 16
5_15_06 7, 15, 3, 11, 12
3_13_04 6, 14, 2
3_17_02 2, 10, 14
3_25_16 11, 3, 7
5_17_10 6, 14, 2, 10, 7
3_19_18 10, 2, 14
2_2_02 14, 6
5_2_20 11, 3, 7, 15, 8
1_3_14 16
1_4_14 12
2_5_16 10, 2
2_9_12 9, 1
8_2_12 7, 15, 3, 11, 8, 16, 4, 12
8_6_14 9, 1, 5, 13, 10, 2, 6, 14
5_11_08 7, 15, 3, 11, 16
8_5_06 5, 13, 1, 9, 6, 14, 2, 10
5_21_08 6, 14, 2, 10, 7
8_7_00 2, 10, 14, 6, 3, 11, 15, 7
8_13_22 15, 7, 11, 3, 12, 4, 8, 16
7_12_04 5, 13, 1, 9, 10, 2, 6
4_12_02 4, 12, 16, 8
1_7_06 13
6_12_18 12, 4, 8, 16, 9, 1
3_30_02 1, 9, 13
8_3_22 12, 4, 8, 16, 13, 5, 9, 1
5_28_22 14, 6, 10, 2, 3
5_2_18 10, 2, 6, 14, 7
5_30_20 14, 6, 10, 2, 7
4_15_06 7, 15, 3, 11
5_17_18 10, 2, 6, 14, 11
7_13_12 10, 2, 6, 14, 7, 15, 3
4_19_00 1, 9, 13, 5
7_4_16 9, 1, 5, 13, 14, 6, 10
6_1_20 11, 3, 7, 15, 12, 4
3_22_04 16, 8, 12
6_23_12 8, 16, 4, 12, 9, 1
3_20_12 3, 11, 7
1_26_06 2
6_29_00 4, 12, 16, 8, 1, 9
5_6_12 8, 16, 4, 12, 5
4_6_06 5, 13, 1, 9
3_7_12 8, 16, 12
4_1_20 11, 3, 7, 15
1_26_22 10
7_17_10 6, 14, 2, 10, 7, 15, 3
3_21_02 3, 11, 15
1_2_18 6
5_3_02 2, 10, 14, 6, 11
5_13_20 14, 6, 10, 2, 11
3_13_02 5, 13, 1
7_5_20 12, 4, 8, 16, 13, 5, 9
6_12_10 8, 16, 4, 12, 5, 13
4_18_22 12, 4, 8, 16
3_8_00 14, 6, 2
4_28_06 6, 14, 2, 10
1_11_02 12
3_17_06 4, 12, 16
4_24_00 2, 10, 14, 6
4_25_16 11, 3, 7, 15
1_12_00 7
4_18_16 9, 1, 5, 13
2_3_04 3, 11
6_15_08 8, 16, 4, 12, 5, 13
5_5_00 2, 10, 14, 6, 3
5_6_16 10, 2, 6, 14, 7
6_8_20 12, 4, 8, 16, 9, 1
8_30_18 13, 5, 9, 1, 10, 2, 6, 14
1_3_20 3
4_7_18 11, 3, 7, 15
6_13_14 11, 3, 7, 15, 8, 16
3_15_14 11, 3, 15
6_4_02 2, 10, 14, 6, 15, 7
3_31_22 15, 7, 3
1_23_06 13
6_7_20 12, 4, 8, 16, 13, 5
4_12_06 6, 14, 2, 10
1_26_10 4
3_15_18 13, 5, 1
2_27_18 12, 4
2_26_02 16, 8
1_23_04 12
8_25_02 4, 12, 16, 8, 5, 13, 1, 9
6_10_08 7, 15, 3, 11, 4, 12
3_6_16 6, 14, 2
1_12_04 9
1_15_08 16
6_30_22 15, 7, 11, 3, 8, 16
5_22_10 7, 15, 3, 11, 4
3_16_02 1, 9, 5
8_26_18 12, 4, 8, 16, 13, 5, 9, 1
3_14_10 5, 13, 1
8_22_06 5, 13, 1, 9, 6, 14, 2, 10
5_6_20 12, 4, 8, 16, 9
5_25_12 9, 1, 5, 13, 10
1_26_04 1
5_7_10 7, 15, 3, 11, 16
1_16_14 15
5_22_00 2, 10, 14, 6, 15
6_2_18 10, 2, 6, 14, 7, 15
8_13_06 7, 15, 3, 11, 4, 12, 16, 8
5_2_04 3, 11, 15, 7, 16
3_22_20 8, 16, 4
6_4_06 4, 12, 16, 8, 1, 9
2_22_14 5, 13
1_3_00 9
6_17_10 6, 14, 2, 10, 7, 15
3_5_04 4, 12, 16
3_6_06 1, 9, 13
2_17_02 2, 10
1_17_14 8
2_7_06 5, 13
7_23_08 6, 14, 2, 10, 15, 7, 11
8_4_20 11, 3, 7, 15, 12, 4, 8, 16
3_9_04 5, 13, 1
7_28_10 8, 16, 4, 12, 13, 5, 9
4_28_10 8, 16, 4, 12
5_2_00 1, 9, 13, 5, 14
6_2_12 7, 15, 3, 11, 4, 12
8_28_18 12, 4, 8, 16, 13, 5, 9, 1
1_7_00 10
6_20_22 12, 4, 8, 16, 9, 1
6_20_02 2, 10, 14, 6, 15, 7
4_26_14 10, 2, 6, 14
2_12_08 3, 11
6_27_10 8, 16, 4, 12, 9, 1
1_8_00 6
8_31_00 4, 12, 16, 8, 1, 9, 13, 5
1_4_16 13
5_1_02 2, 10, 14, 6, 3
5_26_00 3, 11, 15, 7, 16
5_30_08 8, 16, 4, 12, 1
2_9_06 6, 14
7_17_22 12, 4, 8, 16, 13, 5, 9
2_9_20 13, 5
3_2_10 2, 10, 14
7_19_06 4, 12, 16, 8, 13, 5, 9
4_26_16 11, 3, 7, 15
1_11_04 13
2_17_06 4, 12
7_29_00 4, 12, 16, 8, 1, 9, 13
8_28_14 10, 2, 6, 14, 11, 3, 7, 15
8_1_06 4, 12, 16, 8, 5, 13, 1, 9
2_30_16 8, 16
5_13_14 11, 3, 7, 15, 8
8_3_08 5, 13, 1, 9, 6, 14, 2, 10
3_12_20 9, 1, 13
1_12_20 1
2_20_02 14, 6
5_20_16 9, 1, 5, 13, 14
8_1_00 1, 9, 13, 5, 2, 10, 14, 6
3_18_06 16, 8, 12
5_24_18 11, 3, 7, 15, 16
1_6_16 6
4_23_16 10, 2, 6, 14
3_18_20 7, 15, 3
1_19_08 13
2_1_10 6, 14
2_19_20 11, 3
3_4_12 3, 11, 7
6_16_12 10, 2, 6, 14, 3, 11
5_4_08 5, 13, 1, 9, 10
1_27_20 5
