5_1_14 8, 16, 4, 12, 9
5_29_06 7, 15, 3, 11, 4
7_22_16 10, 2, 6, 14, 7, 15, 3
2_27_22 14, 6
3_16_20 10, 2, 14
2_21_16 10, 2
6_24_12 8, 16, 4, 12, 5, 13
1_8_04 8
3_23_04 4, 12, 8
3_20_22 8, 16, 12
4_2_02 2, 10, 14, 6
8_22_20 12, 4, 8, 16, 13, 5, 9, 1
5_15_18 13, 5, 9, 1, 2
6_21_20 12, 4, 8, 16, 13, 5
8_12_20 13, 5, 9, 1, 14, 6, 10, 2
5_10_06 6, 14, 2, 10, 3
8_27_00 3, 11, 15, 7, 4, 12, 16, 8
2_1_18 10, 2
7_24_22 13, 5, 9, 1, 2, 10, 14
4_23_00 2, 10, 14, 6
4_4_00 1, 9, 13, 5
3_31_20 14, 6, 2
2_10_20 9, 1
2_8_00 14, 6
5_14_14 11, 3, 7, 15, 4
7_10_22 14, 6, 10, 2, 11, 3, 7
8_21_10 7, 15, 3, 11, 8, 16, 4, 12
8_30_08 8, 16, 4, 12, 5, 13, 1, 9
5_18_02 2, 10, 14, 6, 15
8_5_18 11, 3, 7, 15, 12, 4, 8, 16
2_28_22 10, 2
3_29_06 7, 15, 3
6_2_22 12, 4, 8, 16, 9, 1
3_29_10 9, 1, 5
5_10_22 14, 6, 10, 2, 11
1_14_18 9
8_7_08 6, 14, 2, 10, 7, 15, 3, 11
4_7_04 4, 12, 16, 8
7_14_00 4, 12, 16, 8, 13, 5, 9
5_9_10 8, 16, 4, 12, 9
8_9_20 13, 5, 9, 1, 14, 6, 10, 2
2_4_00 13, 5
6_21_12 8, 16, 4, 12, 9, 1
8_27_04 5, 13, 1, 9, 6, 14, 2, 10
2_9_20 13, 5
2_6_20 8, 16
5_13_04 6, 14, 2, 10, 3
3_19_10 6, 14, 10
2_6_04 16, 8
7_30_08 8, 16, 4, 12, 1, 9, 13
6_25_00 3, 11, 15, 7, 4, 12
5_4_12 7, 15, 3, 11, 12
7_15_16 12, 4, 8, 16, 1, 9, 13
3_1_06 4, 12, 16
1_24_08 10
6_11_22 14, 6, 10, 2, 15, 7
6_6_08 6, 14, 2, 10, 3, 11
7_8_02 3, 11, 15, 7, 8, 16, 4
5_18_08 5, 13, 1, 9, 2
3_7_00 2, 10, 6
4_12_20 13, 5, 9, 1
6_14_06 7, 15, 3, 11, 16, 8
2_28_18 8, 16
1_13_22 15
7_21_04 4, 12, 16, 8, 5, 13, 1
7_3_08 5, 13, 1, 9, 14, 6, 10
5_16_06 7, 15, 3, 11, 8
2_24_02 15, 7
3_7_12 8, 16, 12
3_18_06 16, 8, 12
6_27_14 10, 2, 6, 14, 11, 3
3_29_02 5, 13, 1
2_9_06 6, 14
5_3_04 3, 11, 15, 7, 12
4_2_14 8, 16, 4, 12
6_31_22 15, 7, 11, 3, 12, 4
7_30_00 4, 12, 16, 8, 13, 5, 9
6_7_02 3, 11, 15, 7, 4, 12
2_29_12 10, 2
7_1_06 4, 12, 16, 8, 5, 13, 1
2_12_06 2, 10
3_7_22 13, 5, 1
7_6_04 4, 12, 16, 8, 1, 9, 13
2_19_20 11, 3
5_29_02 5, 13, 1, 9, 2
8_5_10 7, 15, 3, 11, 8, 16, 4, 12
7_17_20 11, 3, 7, 15, 12, 4, 8
8_13_08 8, 16, 4, 12, 5, 13, 1, 9
3_22_14 5, 13, 1
4_31_20 14, 6, 10, 2
6_28_02 4, 12, 16, 8, 1, 9
1_17_22 12
6_2_12 7, 15, 3, 11, 4, 12
5_7_06 5, 13, 1, 9, 14
3_30_06 3, 11, 15
1_29_04 6
1_8_02 7
8_4_18 10, 2, 6, 14, 11, 3, 7, 15
8_2_00 1, 9, 13, 5, 2, 10, 14, 6
2_7_10 7, 15
6_9_08 7, 15, 3, 11, 8, 16
2_28_14 6, 14
4_30_00 4,12, 16, 8
5_12_16 11, 3, 7, 15, 16
3_13_00 4,12, 16
5_21_16 10, 2, 6, 14, 11
5_18_20 11, 3, 7, 15, 8
7_19_14 8, 16, 4, 12, 1, 9, 13
2_1_08 5, 13
5_29_12 10, 2, 6, 14, 7
4_6_14 9, 1, 5, 13
2_31_08 8, 16
4_15_12 10, 2, 6, 14
4_18_08 5, 13, 1, 9
3_31_18 13, 5, 1
7_24_18 11, 3, 7, 15, 16, 8, 12
2_11_08 7, 15
7_28_10 8, 16, 4, 12, 13, 5, 9
3_11_06 6, 14, 10
5_24_18 11, 3, 7, 15, 16
4_26_06 6, 14, 2, 10
7_2_06 4, 12, 16, 8, 1, 9, 13
2_10_14 6, 14
4_3_00 1, 9, 13, 5
1_5_12 8
7_17_12 7, 15, 3, 11, 8, 16, 4
4_20_02 2, 10, 14, 6
1_26_22 10
5_13_10 9, 1, 5, 13, 6
8_27_08 7, 15, 3, 11, 8, 16, 4, 12
4_15_10 9, 1, 5, 13
1_6_10 3
4_10_04 5, 13, 1, 9
1_24_12 12
4_4_04 3, 11, 15, 7
3_7_16 10, 2, 14
2_18_00 13, 5
7_1_20 11, 3, 7, 15, 12, 4, 8
2_20_20 7, 15
6_18_04 3, 11, 15, 7, 16, 8
2_23_18 11, 3
4_30_12 10, 2, 6, 14
2_9_08 7, 15
2_27_14 10, 2
3_31_14 11, 3, 15
4_27_08 7, 15, 3, 11
2_2_14 4, 12
1_30_04 2
8_6_06 5, 13, 1, 9, 6, 14, 2, 10
8_11_10 8, 16, 4, 12, 9, 1, 5, 13
8_17_06 4, 12, 16, 8, 5, 13, 1, 9
7_26_04 5, 13, 1, 9, 2, 10, 14
3_18_18 6, 14, 2
5_1_08 5, 13, 1, 9, 6
8_12_02 4, 12, 16, 8, 5, 13, 1, 9
8_7_18 11, 3, 7, 15, 12, 4, 8, 16
7_21_12 8, 16, 4, 12, 9, 1, 5
2_2_00 13, 5
2_27_18 12, 4
7_12_20 13, 5, 9, 1, 2, 10, 14
8_28_16 11, 3, 7, 15, 12, 4, 8, 16
4_28_10 8, 16, 4, 12
6_25_12 9, 1, 5, 13, 10, 2
2_6_22 9, 1
8_28_04 5, 13, 1, 9, 6, 14, 2, 10
3_22_02 15, 7, 11
1_7_10 15
4_30_02 5, 13, 1, 9
3_26_00 15, 7, 11
5_16_20 14, 6, 10, 2, 15
7_12_06 6, 14, 2, 10, 11, 3, 7
3_21_04 4, 12, 16
1_10_22 10
4_9_08 7, 15, 3, 11
4_1_16 9, 1, 5, 13
8_6_16 10, 2, 6, 14, 11, 3, 7, 15
6_5_20 12, 4, 8, 16, 13, 5
7_24_06 5, 13, 1, 9, 10, 2, 6
1_14_08 4
8_29_12 10, 2, 6, 14, 7, 15, 3, 11
8_5_08 6, 14, 2, 10, 7, 15, 3, 11
5_5_16 10, 2, 6, 14, 11
5_10_08 7, 15, 3, 11, 4
6_3_00 1, 9, 13, 5, 2, 10
6_11_02 4, 12, 16, 8, 5, 13
3_4_10 2, 10, 6
6_8_04 4, 12, 16, 8, 1, 9
8_13_10 9, 1, 5, 13, 6, 14, 2, 10
4_21_06 5, 13, 1, 9
4_4_02 2, 10, 14, 6
6_10_02 4, 12, 16, 8, 1, 9
5_28_00 3, 11, 15, 7, 8
4_21_18 11, 3, 7, 15
3_13_02 5, 13, 1
2_30_16 8, 16
3_28_22 10, 2, 14
6_16_10 9, 1, 5, 13, 2, 10
5_14_20 14, 6, 10, 2, 7
5_2_02 2, 10, 14, 6, 15
8_15_14 11, 3, 7, 15, 8, 16, 4, 12
6_26_20 13, 5, 9, 1, 10, 2
1_25_20 13
4_11_12 9, 1, 5, 13
5_29_14 11, 3, 7, 15, 8
5_6_00 2, 10, 14, 6, 15
8_19_20 11, 3, 7, 15, 12, 4, 8, 16
3_6_08 2, 10, 14
6_12_22 14, 6, 10, 2, 11, 3
2_21_18 11, 3
7_30_12 10, 2, 6, 14, 3, 11, 15
8_30_12 10, 2, 6, 14, 7, 15, 3, 11
1_20_16 13
7_26_08 7, 15, 3, 11, 4, 12, 16
6_26_00 3, 11, 15, 7, 16, 8
2_23_00 2, 10
1_5_02 3
2_3_00 1, 9
2_31_14 11, 3
5_10_02 4, 12, 16, 8, 1
7_26_10 8, 16, 4, 12, 5, 13, 1
2_13_00 4,12
8_25_00 3, 11, 15, 7, 4, 12, 16, 8
5_27_20 13, 5, 9, 1, 6
6_30_14 11, 3, 7, 15, 4, 12
2_9_22 14, 6
3_8_20 8, 16, 12
4_5_00 2, 10, 14, 6
4_27_16 11, 3, 7, 15
6_22_02 3, 11, 15, 7, 16, 8
1_19_10 14
1_29_00 4
4_19_14 8, 16, 4, 12
8_10_16 11, 3, 7, 15, 12, 4, 8, 16
2_12_10 4, 12
7_14_20 14, 6, 10, 2, 7, 15, 3
8_13_02 5, 13, 1, 9, 2, 10, 14, 6
2_10_04 1, 9
3_24_18 7, 15, 11
8_2_16 9, 1, 5, 13, 10, 2, 6, 14
7_29_04 6, 14, 2, 10, 3, 11, 15
6_23_06 5, 13, 1, 9, 6, 14
6_17_06 4, 12, 16, 8, 5, 13
2_24_04 16, 8
8_20_10 6, 14, 2, 10, 7, 15, 3, 11
3_15_10 9, 1, 13
1_15_18 5
8_20_16 9, 1, 5, 13, 10, 2, 6, 14
7_2_02 2, 10, 14, 6, 15, 7, 11
8_31_02 5, 13, 1, 9, 2, 10, 14, 6
7_28_18 12, 4, 8, 16, 1, 9, 13
5_23_14 9, 1, 5, 13, 2
2_13_04 6, 14
3_19_02 2, 10, 6
7_17_08 5, 13, 1, 9, 6, 14, 2
8_22_12 8, 16, 4, 12, 9, 1, 5, 13
4_4_12 7, 15, 3, 11
2_22_02 15, 7
4_1_12 7, 15, 3, 11
8_16_18 13, 5, 9, 1, 10, 2, 6, 14
1_22_18 7
5_20_20 11, 3, 7, 15, 16
4_9_00 3, 11, 15, 7
6_14_02 5, 13, 1, 9, 14, 6
4_2_00 1, 9, 13, 5
2_2_06 16, 8
5_15_02 5, 13, 1, 9, 10
2_24_08 2, 10
6_8_20 12, 4, 8, 16, 9, 1
2_22_16 6, 14
7_14_18 13, 5, 9, 1, 6, 14, 2
1_13_10 9
5_22_12 8, 16, 4, 12, 5
2_16_16 8, 16
2_9_00 3, 11
8_16_04 6, 14, 2, 10, 3, 11, 15, 7
3_29_00 4,12, 16
3_7_04 4, 12, 8
1_28_18 16
7_7_02 3, 11, 15, 7, 12, 4, 8
3_28_16 7, 15, 11
7_28_20 13, 5, 9, 1, 2, 10, 14
1_7_08 14
8_24_12 8, 16, 4, 12, 9, 1, 5, 13
2_31_00 4,12
6_27_16 11, 3, 7, 15, 12, 4
4_6_20 12, 4, 8, 16
6_4_06 4, 12, 16, 8, 1, 9
3_5_14 9, 1, 5
1_18_06 16
5_11_16 11, 3, 7, 15, 4
1_29_06 7
7_20_08 5, 13, 1, 9, 10, 2, 6
2_14_08 4, 12
4_5_08 6, 14, 2, 10
1_17_04 3
3_14_06 3, 11, 15
1_21_02 3
1_12_02 8
