2_3_20 11, 3
1_15_02 13
7_16_06 7, 15, 3, 11, 8, 16, 4
2_19_02 2, 10
3_10_12 5, 13, 1
8_22_06 5, 13, 1, 9, 6, 14, 2, 10
7_13_20 14, 6, 10, 2, 11, 3, 7
2_21_20 12, 4
1_26_22 10
6_26_06 6, 14, 2, 10, 3, 11
6_31_06 7, 15, 3, 11, 4, 12
3_22_12 4, 12, 16
3_5_00 2, 10, 14
1_26_04 1
6_7_04 4, 12, 16, 8, 5, 13
2_11_04 5, 13
1_3_20 3
6_8_04 4, 12, 16, 8, 1, 9
5_7_16 10, 2, 6, 14, 3
7_4_00 1, 9, 13, 5, 6, 14, 2
2_24_20 8, 16
5_3_12 7, 15, 3, 11, 16
5_17_02 2, 10, 14, 6, 3
4_2_20 11, 3, 7, 15
8_23_10 7, 15, 3, 11, 8, 16, 4, 12
2_23_00 2, 10
3_9_12 9, 1, 5
2_24_14 5, 13
4_27_12 9, 1, 5, 13
2_23_20 12, 4
1_31_06 15
8_12_08 7, 15, 3, 11, 8, 16, 4, 12
5_7_08 6, 14, 2, 10, 15
7_10_02 4, 12, 16, 8, 1, 9, 13
1_19_02 10
5_19_04 3, 11, 15, 7, 12
7_23_10 7, 15, 3, 11, 16, 8, 12
5_9_22 14, 6, 10, 2, 15
2_31_20 14, 6
5_15_12 10, 2, 6, 14, 15
4_9_00 3, 11, 15, 7
2_24_22 9, 1
3_27_16 11, 3, 15
2_1_20 11, 3
6_9_08 7, 15, 3, 11, 8, 16
8_2_20 11, 3, 7, 15, 12, 4, 8, 16
7_6_02 3, 11, 15, 7, 16, 8, 12
1_26_20 9
4_7_20 12, 4, 8, 16
5_1_20 11, 3, 7, 15, 12
7_9_10 8, 16, 4, 12, 9, 1, 5
8_22_00 2, 10, 14, 6, 3, 11, 15, 7
5_26_16 11, 3, 7, 15, 8
5_25_00 3, 11, 15, 7, 4
1_5_14 9
5_10_14 10, 2, 6, 14, 7
8_28_12 9, 1, 5, 13, 10, 2, 6, 14
4_29_22 15, 7, 11, 3
8_5_10 7, 15, 3, 11, 8, 16, 4, 12
6_25_20 13, 5, 9, 1, 14, 6
1_12_14 14
4_11_12 9, 1, 5, 13
3_18_14 4, 12, 16
1_21_12 8
7_21_22 13, 5, 9, 1, 14, 6, 10
7_17_02 2, 10, 14, 6, 3, 11, 15
6_18_18 10, 2, 6, 14, 7, 15
8_29_10 9, 1, 5, 13, 6, 14, 2, 10
7_1_02 2, 10, 14, 6, 3, 11, 15
5_8_06 5, 13, 1, 9, 10
6_31_16 12, 4, 8, 16, 9, 1
3_31_20 14, 6, 2
7_23_12 8, 16, 4, 12, 1, 9, 13
6_16_14 11, 3, 7, 15, 4, 12
6_23_00 2, 10, 14, 6, 3, 11
7_29_08 8, 16, 4, 12, 5, 13, 1
7_6_08 6, 14, 2, 10, 3, 11, 15
3_25_18 12, 4, 8
5_9_20 13, 5, 9, 1, 14
8_29_12 10, 2, 6, 14, 7, 15, 3, 11
6_17_22 12, 4, 8, 16, 13, 5
6_26_10 8, 16, 4, 12, 5, 13
4_22_20 12, 4, 8, 16
2_18_20 7, 15
2_2_14 4, 12
6_13_02 5, 13, 1, 9, 2, 10
8_18_02 2, 10, 14, 6, 3, 11, 15, 7
4_1_18 10, 2, 6, 14
5_26_14 10, 2, 6, 14, 7
2_23_06 5, 13
3_15_16 12, 4, 16
3_18_22 8, 16, 4
7_26_04 5, 13, 1, 9, 2, 10, 14
2_2_22 8, 16
2_19_04 3, 11
6_12_00 3, 11, 15, 7, 16, 8
2_25_08 7, 15
4_22_22 13, 5, 9, 1
7_20_02 2, 10, 14, 6, 7, 15, 3
1_30_14 7
8_11_02 4, 12, 16, 8, 5, 13, 1, 9
2_4_16 5, 13
8_19_12 7, 15, 3, 11, 8, 16, 4, 12
8_25_18 12, 4, 8, 16, 13, 5, 9, 1
6_27_10 8, 16, 4, 12, 9, 1
8_4_16 9, 1, 5, 13, 10, 2, 6, 14
4_31_02 5, 13, 1, 9
1_4_00 5
8_13_22 15, 7, 11, 3, 12, 4, 8, 16
2_12_08 3, 11
7_31_08 8, 16, 4, 12, 13, 5, 9
4_8_22 13, 5, 9, 1
8_16_06 7, 15, 3, 11, 4, 12, 16, 8
6_2_18 10, 2, 6, 14, 7, 15
4_30_12 10, 2, 6, 14
4_30_16 12, 4, 8, 16
7_4_22 12, 4, 8, 16, 1, 9, 13
1_12_04 9
6_16_10 9, 1, 5, 13, 2, 10
5_15_16 12, 4, 8, 16, 1
4_1_08 5, 13, 1, 9
4_6_12 8, 16, 4, 12
5_26_18 12, 4, 8, 16, 9
2_13_04 6, 14
6_5_04 4, 12, 16, 8, 5, 13
8_14_18 13, 5, 9, 1, 10, 2, 6, 14
6_18_22 12, 4, 8, 16, 9, 1
1_4_18 14
3_13_12 10, 2, 6
2_22_04 16, 8
3_23_08 6, 14, 10
7_19_06 4, 12, 16, 8, 13, 5, 9
6_2_12 7, 15, 3, 11, 4, 12
6_15_16 12, 4, 8, 16, 9, 1
6_24_08 6, 14, 2, 10, 3, 11
4_9_02 4, 12, 16, 8
8_8_16 10, 2, 6, 14, 11, 3, 7, 15
2_1_14 8, 16
8_5_14 9, 1, 5, 13, 10, 2, 6, 14
2_31_04 6, 14
2_17_08 5, 13
1_17_10 6
5_2_18 10, 2, 6, 14, 7
6_11_08 7, 15, 3, 11, 8, 16
6_19_18 10, 2, 6, 14, 11, 3
7_30_22 15, 7, 11, 3, 8, 16, 4
6_27_22 14, 6, 10, 2, 15, 7
2_9_18 12, 4
1_14_20 10
3_19_18 10, 2, 14
8_31_20 14, 6, 10, 2, 11, 3, 7, 15
4_1_02 2, 10, 14, 6
6_28_08 7, 15, 3, 11, 4, 12
4_5_08 6, 14, 2, 10
3_24_08 2, 10, 6
2_18_08 1, 9
5_2_10 6, 14, 2, 10, 3
4_18_12 7, 15, 3, 11
3_21_12 8, 16, 4
6_18_20 11, 3, 7, 15, 8, 16
7_5_12 8, 16, 4, 12, 9, 1, 5
3_17_14 8, 16, 4
7_30_00 4, 12, 16, 8, 13, 5, 9
6_2_02 2, 10, 14, 6, 15, 7
4_20_10 6, 14, 2, 10
2_22_06 1, 9
6_20_00 1, 9, 13, 5, 14, 6
2_5_10 7, 15
5_6_16 10, 2, 6, 14, 7
8_13_12 10, 2, 6, 14, 7, 15, 3, 11
6_22_12 8, 16, 4, 12, 5, 13
1_12_18 16
8_22_10 7, 15, 3, 11, 8, 16, 4, 12
1_25_10 8
1_18_06 16
4_10_20 13, 5, 9, 1
7_1_04 3, 11, 15, 7, 4, 12, 16
6_25_06 6, 14, 2, 10, 7, 15
6_8_14 9, 1, 5, 13, 6, 14
8_10_04 5, 13, 1, 9, 6, 14, 2, 10
3_13_08 8, 16, 4
4_3_04 3, 11, 15, 7
7_23_00 2, 10, 14, 6, 11, 3, 7
5_26_06 6, 14, 2, 10, 3
3_21_06 5, 13, 1
6_6_18 11, 3, 7, 15, 8, 16
6_17_08 5, 13, 1, 9, 6, 14
5_26_04 5, 13, 1, 9, 2
5_12_16 11, 3, 7, 15, 16
3_2_06 16, 8, 12
5_14_02 5, 13, 1, 9, 14
1_6_22 9
6_2_10 6, 14, 2, 10, 3, 11
1_18_18 6
7_25_08 7, 15, 3, 11, 8, 16, 4
1_6_00 14
8_12_00 3, 11, 15, 7, 4, 12, 16, 8
4_16_04 6, 14, 2, 10
2_6_20 8, 16
3_13_02 5, 13, 1
4_14_04 6, 14, 2, 10
4_3_14 8, 16, 4, 12
6_9_18 12, 4, 8, 16, 13, 5
3_9_04 5, 13, 1
1_23_14 1
5_24_04 4, 12, 16, 8, 9
7_19_22 12, 4, 8, 16, 5, 13, 1
8_15_02 5, 13, 1, 9, 2, 10, 14, 6
6_12_02 4, 12, 16, 8, 1, 9
7_31_16 12, 4, 8, 16, 1, 9, 13
4_2_04 3, 11, 15, 7
3_22_06 1, 9, 13
8_11_08 7, 15, 3, 11, 8, 16, 4, 12
2_27_08 7, 15
5_19_02 2, 10, 14, 6, 11
4_31_16 12, 4, 8, 16
7_23_02 3, 11, 15, 7, 12, 4, 8
8_5_22 13, 5, 9, 1, 14, 6, 10, 2
4_26_14 10, 2, 6, 14
1_13_00 4
3_30_08 4, 12, 16
5_10_18 12, 4, 8, 16, 9
1_29_18 13
6_16_04 6, 14, 2, 10, 15, 7
5_17_18 10, 2, 6, 14, 11
6_25_22 14, 6, 10, 2, 15, 7
3_28_00 15, 7, 3
6_30_22 15, 7, 11, 3, 8, 16
5_28_04 5, 13, 1, 9, 10
2_26_14 6, 14
1_3_06 12
7_13_02 5, 13, 1, 9, 2, 10, 14
8_11_12 9, 1, 5, 13, 10, 2, 6, 14
3_26_20 9, 1, 5
7_18_06 4, 12, 16, 8, 1, 9, 13
3_8_18 7, 15, 11
4_31_18 13, 5, 9, 1
6_3_20 11, 3, 7, 15, 12, 4
5_27_14 10, 2, 6, 14, 3
2_2_06 16, 8
3_30_16 8, 16, 4
8_18_10 6, 14, 2, 10, 7, 15, 3, 11
4_1_00 1, 9, 13, 5
8_30_02 5, 13, 1, 9, 2, 10, 14, 6
2_1_02 2, 10
2_4_02 14, 6
4_29_04 6, 14, 2, 10
3_30_20 10, 2, 6
1_9_08 7
3_4_14 4, 12, 8
1_20_02 6
5_11_06 6, 14, 2, 10, 15
8_20_12 7, 15, 3, 11, 8, 16, 4, 12
7_12_16 11, 3, 7, 15, 16, 8, 12
3_15_06 7, 15, 11
4_16_12 10, 2, 6, 14
7_24_00 2, 10, 14, 6, 7, 15, 3
3_29_00 4,12, 16
4_9_18 12, 4, 8, 16
4_2_08 5, 13, 1, 9
8_20_18 10, 2, 6, 14, 11, 3, 7, 15
2_12_06 2, 10
1_30_10 5
8_30_20 14, 6, 10, 2, 11, 3, 7, 15
5_4_18 10, 2, 6, 14, 15
1_22_12 4
2_27_18 12, 4
4_31_14 11, 3, 7, 15
4_27_06 6, 14, 2, 10
1_7_10 15
4_22_06 5, 13, 1, 9
6_18_12 7, 15, 3, 11, 4, 12
5_31_04 6, 14, 2, 10, 11
1_17_14 8
5_16_14 11, 3, 7, 15, 12
7_31_12 10, 2, 6, 14, 15, 7, 11
3_18_18 6, 14, 2
5_5_22 13, 5, 9, 1, 14
5_5_00 2, 10, 14, 6, 3
1_30_08 4
3_18_10 2, 10, 14
7_26_10 8, 16, 4, 12, 5, 13, 1
6_31_02 5, 13, 1, 9, 2, 10
8_17_00 1, 9, 13, 5, 2, 10, 14, 6
7_25_22 14, 6, 10, 2, 15, 7, 11
6_30_12 10, 2, 6, 14, 3, 11
3_8_08 2, 10, 6
8_23_00 2, 10, 14, 6, 3, 11, 15, 7
8_4_14 8, 16, 4, 12, 9, 1, 5, 13
3_13_14 11, 3, 7
2_13_06 7, 15
6_27_16 11, 3, 7, 15, 12, 4
3_2_20 7, 15, 3
8_5_12 8, 16, 4, 12, 9, 1, 5, 13
6_30_00 4, 12, 16, 8, 13, 5
4_24_22 13, 5, 9, 1
4_25_14 10, 2, 6, 14
5_16_08 8, 16, 4, 12, 9
1_9_12 9
7_12_02 4, 12, 16, 8, 9, 1, 5
3_30_18 9, 1, 5
2_8_14 5, 13
4_18_18 10, 2, 6, 14
4_27_22 14, 6, 10, 2
3_7_14 9, 1, 13
5_24_00 2, 10, 14, 6, 7
3_2_10 2, 10, 14
4_17_04 3, 11, 15, 7
3_6_18 7, 15, 3
5_24_06 5, 13, 1, 9, 10
4_10_14 10, 2, 6, 14
8_5_00 2, 10, 14, 6, 3, 11, 15, 7
3_24_20 8, 16, 12
2_7_18 11, 3
5_25_14 10, 2, 6, 14, 11
8_15_12 10, 2, 6, 14, 7, 15, 3, 11
6_25_18 12, 4, 8, 16, 13, 5
6_4_06 4, 12, 16, 8, 1, 9
5_4_02 2, 10, 14, 6, 7
5_4_12 7, 15, 3, 11, 12
3_20_20 7, 15, 11
3_1_04 3, 11, 15
3_10_18 8, 16, 4
7_8_10 7, 15, 3, 11, 12, 4, 8
5_31_02 5, 13, 1, 9, 10
5_29_10 9, 1, 5, 13, 6
8_4_02 2, 10, 14, 6, 3, 11, 15, 7
4_6_18 11, 3, 7, 15
5_1_14 8, 16, 4, 12, 9
8_24_04 4, 12, 16, 8, 5, 13, 1, 9
4_8_08 6, 14, 2, 10
4_13_10 9, 1, 5, 13
7_15_18 13, 5, 9, 1, 2, 10, 14
7_23_08 6, 14, 2, 10, 15, 7, 11
1_18_08 1
6_28_06 6, 14, 2, 10, 3, 11
1_10_02 16
4_29_00 4,12, 16, 8
2_30_14 7, 15
4_10_06 6, 14, 2, 10
6_11_16 11, 3, 7, 15, 12, 4
5_14_10 9, 1, 5, 13, 2
2_14_18 9, 1
3_6_08 2, 10, 14
2_18_14 4, 12
8_9_08 7, 15, 3, 11, 8, 16, 4, 12
6_17_16 9, 1, 5, 13, 10, 2
3_5_04 4, 12, 16
5_21_16 10, 2, 6, 14, 11
2_7_06 5, 13
5_16_16 12, 4, 8, 16, 13
1_25_04 5
1_29_02 5
3_25_20 13, 5, 9
4_23_04 4, 12, 16, 8
6_20_22 12, 4, 8, 16, 9, 1
3_3_02 2, 10, 6
2_3_02 2, 10
1_12_20 1
8_27_16 11, 3, 7, 15, 12, 4, 8, 16
3_3_22 12, 4, 16
1_2_22 8
3_27_20 13, 5, 1
2_13_22 15, 7
7_2_08 5, 13, 1, 9, 2, 10, 14
3_13_20 14, 6, 10
4_31_20 14, 6, 10, 2
5_29_08 8, 16, 4, 12, 5
1_1_14 8
1_1_16 9
3_6_16 6, 14, 2
5_26_20 13, 5, 9, 1, 10
1_30_22 11
3_1_14 8, 16, 4
1_19_10 14
2_3_04 3, 11
8_19_18 10, 2, 6, 14, 11, 3, 7, 15
4_25_16 11, 3, 7, 15
5_4_14 8, 16, 4, 12, 13
4_18_20 11, 3, 7, 15
2_29_22 15, 7
5_27_10 8, 16, 4, 12, 1
3_14_14 7, 15, 3
2_5_14 9, 1
5_2_22 12, 4, 8, 16, 9
4_22_12 8, 16, 4, 12
8_12_14 10, 2, 6, 14, 11, 3, 7, 15
1_18_20 7
5_7_20 12, 4, 8, 16, 5
3_25_08 7, 15, 3
1_21_04 4
4_12_16 11, 3, 7, 15
3_16_12 6, 14, 10
4_24_06 5, 13, 1, 9
4_5_10 7, 15, 3, 11
7_7_10 7, 15, 3, 11, 16, 8, 12
1_7_12 16
3_7_00 2, 10, 6
2_22_12 4, 12
2_26_00 15, 7
7_8_08 6, 14, 2, 10, 11, 3, 7
7_23_14 9, 1, 5, 13, 2, 10, 14
7_4_02 2, 10, 14, 6, 7, 15, 3
7_6_20 12, 4, 8, 16, 9, 1, 5
6_5_10 7, 15, 3, 11, 8, 16
2_22_02 15, 7
5_18_18 10, 2, 6, 14, 7
2_19_22 12, 4
7_30_18 13, 5, 9, 1, 6, 14, 2
8_14_08 8, 16, 4, 12, 5, 13, 1, 9
7_7_18 11, 3, 7, 15, 4, 12, 16
5_8_16 10, 2, 6, 14, 15
7_14_00 4, 12, 16, 8, 13, 5, 9
7_14_02 5, 13, 1, 9, 14, 6, 10
1_1_10 6
3_16_02 1, 9, 5
8_8_18 11, 3, 7, 15, 12, 4, 8, 16
3_4_20 7, 15, 11
6_24_16 10, 2, 6, 14, 7, 15
2_30_22 11, 3
5_12_18 12, 4, 8, 16, 1
1_11_04 13
8_1_22 12, 4, 8, 16, 13, 5, 9, 1
6_30_16 12, 4, 8, 16, 5, 13
1_26_16 7
3_29_18 13, 5, 9
8_9_10 8, 16, 4, 12, 9, 1, 5, 13
3_17_08 5, 13, 1
7_4_10 6, 14, 2, 10, 11, 3, 7
4_17_22 12, 4, 8, 16
2_9_12 9, 1
4_8_12 8, 16, 4, 12
7_14_10 9, 1, 5, 13, 2, 10, 14
2_14_08 4, 12
1_17_00 1
2_25_18 12, 4
2_20_14 4, 12
7_1_16 9, 1, 5, 13, 10, 2, 6
5_21_08 6, 14, 2, 10, 7
2_1_12 7, 15
2_9_22 14, 6
5_5_12 8, 16, 4, 12, 9
3_18_16 5, 13, 1
2_21_16 10, 2
3_19_06 4, 12, 8
6_23_12 8, 16, 4, 12, 9, 1
2_27_12 9, 1
3_13_00 4,12, 16
5_9_18 12, 4, 8, 16, 13
8_22_22 13, 5, 9, 1, 14, 6, 10, 2
8_23_12 8, 16, 4, 12, 9, 1, 5, 13
8_17_02 2, 10, 14, 6, 3, 11, 15, 7
2_28_04 1, 9
1_12_22 2
6_1_02 2, 10, 14, 6, 3, 11
1_29_00 4
5_15_00 4, 12, 16, 8, 9
8_20_16 9, 1, 5, 13, 10, 2, 6, 14
5_21_06 5, 13, 1, 9, 6
5_28_00 3, 11, 15, 7, 8
1_28_16 15
2_12_12 5, 13
7_17_00 1, 9, 13, 5, 2, 10, 14
1_7_06 13
6_27_02 4, 12, 16, 8, 5, 13
7_27_18 12, 4, 8, 16, 5, 13, 1
8_16_08 8, 16, 4, 12, 5, 13, 1, 9
2_25_06 6, 14
8_6_10 7, 15, 3, 11, 8, 16, 4, 12
6_22_18 11, 3, 7, 15, 8, 16
4_20_18 10, 2, 6, 14
5_20_14 8, 16, 4, 12, 13
1_24_10 11
5_10_20 13, 5, 9, 1, 10
1_12_06 10
7_20_04 3, 11, 15, 7, 8, 16, 4
1_15_22 7
8_25_02 4, 12, 16, 8, 5, 13, 1, 9
5_3_20 11, 3, 7, 15, 4
8_24_08 6, 14, 2, 10, 7, 15, 3, 11
2_1_18 10, 2
7_18_18 10, 2, 6, 14, 7, 15, 3
8_16_02 5, 13, 1, 9, 2, 10, 14, 6
3_18_06 16, 8, 12
7_17_12 7, 15, 3, 11, 8, 16, 4
6_19_02 2, 10, 14, 6, 3, 11
6_29_08 8, 16, 4, 12, 5, 13
6_28_12 9, 1, 5, 13, 6, 14
2_18_16 5, 13
7_19_18 10, 2, 6, 14, 3, 11, 15
6_15_12 10, 2, 6, 14, 7, 15
3_30_10 5, 13, 1
5_1_12 7, 15, 3, 11, 8
1_23_20 4
5_24_10 7, 15, 3, 11, 12
6_30_06 7, 15, 3, 11, 16, 8
6_4_04 3, 11, 15, 7, 16, 8
1_31_18 5
5_27_00 3, 11, 15, 7, 12
4_8_16 10, 2, 6, 14
2_21_06 5, 13
6_26_02 4, 12, 16, 8, 1, 9
1_4_08 9
3_14_16 8, 16, 4
5_14_04 6, 14, 2, 10, 15
8_9_22 14, 6, 10, 2, 15, 7, 11, 3
7_28_02 4, 12, 16, 8, 9, 1, 5
8_7_04 4, 12, 16, 8, 5, 13, 1, 9
4_3_16 9, 1, 5, 13
1_4_04 7
5_30_04 6, 14, 2, 10, 15
4_30_10 9, 1, 5, 13
2_7_22 13, 5
6_12_08 7, 15, 3, 11, 4, 12
5_29_00 4, 12, 16, 8, 1
8_2_16 9, 1, 5, 13, 10, 2, 6, 14
8_16_16 12, 4, 8, 16, 9, 1, 5, 13
4_12_02 4, 12, 16, 8
2_16_00 16, 8
2_27_20 13, 5
7_2_22 12, 4, 8, 16, 9, 1, 5
7_5_16 10, 2, 6, 14, 11, 3, 7
2_14_10 5, 13
7_7_22 13, 5, 9, 1, 6, 14, 2
8_2_22 12, 4, 8, 16, 13, 5, 9, 1
7_15_04 6, 14, 2, 10, 11, 3, 7
8_11_20 13, 5, 9, 1, 14, 6, 10, 2
7_10_08 7, 15, 3, 11, 4, 12, 16
3_25_06 6, 14, 2
7_22_00 2, 10, 14, 6, 15, 7, 11
8_16_14 11, 3, 7, 15, 8, 16, 4, 12
4_16_18 13, 5, 9, 1
2_10_00 15, 7
4_1_04 3, 11, 15, 7
1_10_18 8
5_17_00 1, 9, 13, 5, 2
3_12_00 15, 7, 3
3_15_20 14, 6, 2
2_4_18 6, 14
5_22_22 13, 5, 9, 1, 10
6_19_16 9, 1, 5, 13, 10, 2
7_12_22 14, 6, 10, 2, 3, 11, 15
8_24_06 5, 13, 1, 9, 6, 14, 2, 10
1_17_02 2
7_31_22 15, 7, 11, 3, 4, 12, 16
1_4_06 8
6_4_14 8, 16, 4, 12, 5, 13
4_2_18 10, 2, 6, 14
2_15_00 4,12
6_10_08 7, 15, 3, 11, 4, 12
7_14_20 14, 6, 10, 2, 7, 15, 3
5_13_08 8, 16, 4, 12, 5
1_13_04 6
8_23_16 10, 2, 6, 14, 11, 3, 7, 15
8_3_20 11, 3, 7, 15, 12, 4, 8, 16
5_14_06 7, 15, 3, 11, 16
3_22_00 14, 6, 10
6_31_12 10, 2, 6, 14, 7, 15
5_23_02 3, 11, 15, 7, 12
2_17_00 1, 9
6_21_04 4, 12, 16, 8, 5, 13
1_27_18 4
1_23_02 11
5_21_22 13, 5, 9, 1, 14
1_12_02 8
6_27_06 6, 14, 2, 10, 7, 15
7_7_02 3, 11, 15, 7, 12, 4, 8
8_5_06 5, 13, 1, 9, 6, 14, 2, 10
1_28_10 12
2_26_18 8, 16
6_21_10 7, 15, 3, 11, 8, 16
7_12_08 7, 15, 3, 11, 12, 4, 8
5_26_00 3, 11, 15, 7, 16
8_28_18 12, 4, 8, 16, 13, 5, 9, 1
8_28_00 3, 11, 15, 7, 4, 12, 16, 8
5_22_08 6, 14, 2, 10, 3
4_31_08 8, 16, 12
2_29_02 5, 13
2_16_14 7, 15
2_12_20 9, 1
3_19_22 12, 4, 16
6_9_04 5, 13, 1, 9, 6, 14
3_26_10 4, 12, 16
8_18_18 10, 2, 6, 14, 11, 3, 7, 15
6_8_20 12, 4, 8, 16, 9, 1
8_5_16 10, 2, 6, 14, 11, 3, 7, 15
5_7_22 13, 5, 9, 1, 6
3_8_12 4, 12, 8
8_14_20 14, 6, 10, 2, 11, 3, 7, 15
5_3_08 5, 13, 1, 9, 14
6_7_14 9, 1, 5, 13, 10, 2
4_17_16 9, 1, 5, 13
3_1_00 1, 9, 13
8_25_04 5, 13, 1, 9, 6, 14, 2, 10
6_21_08 6, 14, 2, 10, 7, 15
1_20_18 14
2_2_02 14, 6
1_5_16 10
4_13_12 10, 2, 6, 14
3_19_16 9, 1, 13
4_22_18 11, 3, 7, 15
1_27_22 6
5_13_16 12, 4, 8, 16, 9
4_23_18 11, 3, 7, 15
6_10_20 13, 5, 9, 1, 10, 2
1_28_14 14
2_24_02 15, 7
7_14_04 6, 14, 2, 10, 15, 7, 11
4_20_00 1, 9, 13, 5
3_15_14 11, 3, 15
8_25_16 11, 3, 7, 15, 12, 4, 8, 16
7_4_16 9, 1, 5, 13, 14, 6, 10
1_15_08 16
2_11_08 7, 15
3_31_06 7, 15, 11
7_19_12 7, 15, 3, 11, 16, 8, 12
6_26_04 5, 13, 1, 9, 2, 10
2_27_22 14, 6
1_3_14 16
7_2_10 6, 14, 2, 10, 3, 11, 15
6_31_08 8, 16, 4, 12, 5, 13
7_10_20 13, 5, 9, 1, 10, 2, 6
4_17_02 2, 10, 14, 6
8_10_20 13, 5, 9, 1, 14, 6, 10, 2
1_3_04 11
4_29_02 5, 13, 1, 9
7_7_20 12, 4, 8, 16, 5, 13, 1
4_10_00 3, 11, 15, 7
5_26_10 8, 16, 4, 12, 5
5_6_08 6, 14, 2, 10, 3
7_19_08 5, 13, 1, 9, 14, 6, 10
7_15_00 4, 12, 16, 8, 9, 1, 5
7_31_20 14, 6, 10, 2, 3, 11, 15
7_29_00 4, 12, 16, 8, 1, 9, 13
3_14_04 2, 10, 14
2_16_18 9, 1
1_11_02 12
3_21_16 10, 2, 6
3_9_22 14, 6, 10
4_6_06 5, 13, 1, 9
3_7_08 6, 14, 10
5_30_06 7, 15, 3, 11, 16
6_9_12 9, 1, 5, 13, 10, 2
7_25_20 13, 5, 9, 1, 14, 6, 10
3_26_00 15, 7, 11
8_25_22 14, 6, 10, 2, 15, 7, 11, 3
3_25_00 3, 11, 15
2_6_22 9, 1
5_6_06 5, 13, 1, 9, 2
2_13_16 12, 4
8_1_16 9, 1, 5, 13, 10, 2, 6, 14
2_20_08 1, 9
8_23_22 13, 5, 9, 1, 14, 6, 10, 2
3_26_04 1, 9, 13
6_20_12 7, 15, 3, 11, 4, 12
6_10_04 5, 13, 1, 9, 2, 10
4_13_18 13, 5, 9, 1
7_30_08 8, 16, 4, 12, 1, 9, 13
3_4_22 8, 16, 12
4_18_04 3, 11, 15, 7
2_7_14 9, 1
2_13_14 11, 3
8_15_14 11, 3, 7, 15, 8, 16, 4, 12
8_27_14 10, 2, 6, 14, 11, 3, 7, 15
6_29_20 14, 6, 10, 2, 11, 3
2_15_10 9, 1
5_24_08 6, 14, 2, 10, 11
6_24_02 3, 11, 15, 7, 16, 8
2_7_04 4, 12
1_25_00 3
4_31_10 9, 1, 5, 13
7_7_00 2, 10, 14, 6, 11, 3, 7
1_7_04 12
6_21_02 3, 11, 15, 7, 4, 12
5_6_04 4, 12, 16, 8, 1
5_10_16 11, 3, 7, 15, 8
5_3_10 6, 14, 2, 10, 15
6_13_06 7, 15, 3, 11, 4, 12
2_14_14 7, 15
1_29_10 9
5_1_10 6, 14, 2, 10, 7
6_26_16 11, 3, 7, 15, 8, 16
2_11_18 12, 4
1_22_22 9
4_15_10 9, 1, 5, 13
4_26_08 7, 15, 3, 11
6_13_14 11, 3, 7, 15, 8, 16
6_14_12 10, 2, 6, 14, 3, 11
7_8_14 9, 1, 5, 13, 14, 6, 10
5_9_02 4, 12, 16, 8, 5
3_22_20 8, 16, 4
3_12_14 6, 14, 10
4_4_08 5, 13, 1, 9
8_8_04 4, 12, 16, 8, 5, 13, 1, 9
3_21_10 7, 15, 3
3_25_10 8, 16, 4
6_3_06 4, 12, 16, 8, 5, 13
8_8_02 3, 11, 15, 7, 4, 12, 16, 8
1_18_04 15
2_23_12 8, 16
3_30_02 1, 9, 13
8_2_02 2, 10, 14, 6, 3, 11, 15, 7
2_1_06 4, 12
2_13_00 4,12
5_11_16 11, 3, 7, 15, 4
3_22_04 16, 8, 12
8_28_02 4, 12, 16, 8, 5, 13, 1, 9
5_9_12 9, 1, 5, 13, 10
1_27_08 15
8_21_00 2, 10, 14, 6, 3, 11, 15, 7
1_5_20 12
3_20_00 13, 5, 1
8_16_00 4, 12, 16, 8, 1, 9, 13, 5
3_1_16 9, 1, 5
6_30_10 9, 1, 5, 13, 2, 10
4_28_08 7, 15, 3, 11
8_27_20 13, 5, 9, 1, 14, 6, 10, 2
6_5_18 11, 3, 7, 15, 12, 4
2_9_02 4, 12
5_1_08 5, 13, 1, 9, 6
7_16_14 11, 3, 7, 15, 12, 4, 8
7_16_00 4, 12, 16, 8, 5, 13, 1
2_23_04 4, 12
4_13_16 12, 4, 8, 16
5_31_10 9, 1, 5, 13, 14
8_19_16 9, 1, 5, 13, 10, 2, 6, 14
1_11_18 4
7_25_10 8, 16, 4, 12, 9, 1, 5
1_21_20 12
3_26_14 6, 14, 2
2_10_02 16, 8
1_17_06 4
8_12_10 8, 16, 4, 12, 9, 1, 5, 13
6_15_06 7, 15, 3, 11, 4, 12
5_23_12 8, 16, 4, 12, 1
1_7_08 14
4_19_20 11, 3, 7, 15
5_12_08 7, 15, 3, 11, 12
4_2_14 8, 16, 4, 12
5_1_04 3, 11, 15, 7, 4
1_17_20 11
5_4_08 5, 13, 1, 9, 10
7_1_00 1, 9, 13, 5, 2, 10, 14
1_23_22 5
7_25_00 3, 11, 15, 7, 4, 12, 16
2_18_18 6, 14
8_8_14 9, 1, 5, 13, 10, 2, 6, 14
7_31_14 11, 3, 7, 15, 16, 8, 12
3_9_14 10, 2, 6
8_27_04 5, 13, 1, 9, 6, 14, 2, 10
4_22_16 10, 2, 6, 14
1_26_00 15
2_9_20 13, 5
1_20_20 15
6_13_16 12, 4, 8, 16, 9, 1
5_19_18 10, 2, 6, 14, 3
6_12_16 11, 3, 7, 15, 8, 16
5_16_12 10, 2, 6, 14, 11
5_5_16 10, 2, 6, 14, 11
2_22_00 14, 6
5_3_04 3, 11, 15, 7, 12
5_29_02 5, 13, 1, 9, 2
1_8_00 6
5_7_06 5, 13, 1, 9, 14
8_17_06 4, 12, 16, 8, 5, 13, 1, 9
8_7_20 12, 4, 8, 16, 13, 5, 9, 1
8_30_08 8, 16, 4, 12, 5, 13, 1, 9
8_28_16 11, 3, 7, 15, 12, 4, 8, 16
1_21_08 6
4_25_22 14, 6, 10, 2
6_19_20 11, 3, 7, 15, 12, 4
2_24_06 1, 9
3_24_18 7, 15, 11
8_5_02 3, 11, 15, 7, 4, 12, 16, 8
2_6_14 5, 13
7_4_06 4, 12, 16, 8, 9, 1, 5
2_14_16 8, 16
4_19_16 9, 1, 5, 13
2_6_06 1, 9
4_1_16 9, 1, 5, 13
5_22_20 12, 4, 8, 16, 9
6_8_06 5, 13, 1, 9, 2, 10
1_15_12 2
8_23_20 12, 4, 8, 16, 13, 5, 9, 1
2_22_14 5, 13
6_2_22 12, 4, 8, 16, 9, 1
3_14_00 16, 8, 12
4_30_00 4,12, 16, 8
8_6_18 11, 3, 7, 15, 12, 4, 8, 16
4_4_06 4, 12, 16, 8
2_28_20 9, 1
6_18_06 4, 12, 16, 8, 1, 9
4_13_22 15, 7, 11, 3
5_24_12 8, 16, 4, 12, 13
8_9_14 10, 2, 6, 14, 11, 3, 7, 15
6_17_18 10, 2, 6, 14, 11, 3
5_15_14 11, 3, 7, 15, 16
1_16_16 16
1_13_22 15
8_6_08 6, 14, 2, 10, 7, 15, 3, 11
5_31_12 10, 2, 6, 14, 15
8_8_08 6, 14, 2, 10, 7, 15, 3, 11
8_30_14 11, 3, 7, 15, 8, 16, 4, 12
3_20_18 6, 14, 10
4_27_04 5, 13, 1, 9
2_23_14 9, 1
6_4_00 1, 9, 13, 5, 14, 6
3_4_16 5, 13, 9
1_16_08 12
4_17_06 4, 12, 16, 8
8_29_04 6, 14, 2, 10, 3, 11, 15, 7
8_28_08 7, 15, 3, 11, 8, 16, 4, 12
4_4_02 2, 10, 14, 6
4_6_00 2, 10, 14, 6
6_20_10 6, 14, 2, 10, 3, 11
3_24_04 16, 8, 4
5_19_22 12, 4, 8, 16, 5
4_2_02 2, 10, 14, 6
1_24_14 13
1_14_06 3
6_14_02 5, 13, 1, 9, 14, 6
2_19_12 7, 15
3_5_16 10, 2, 6
1_13_06 7
3_19_00 1, 9, 5
7_23_06 5, 13, 1, 9, 14, 6, 10
6_4_22 12, 4, 8, 16, 9, 1
3_23_14 9, 1, 13
5_7_18 11, 3, 7, 15, 4
7_16_02 5, 13, 1, 9, 6, 14, 2
5_22_06 5, 13, 1, 9, 2
3_29_14 11, 3, 7
3_18_12 3, 11, 15
2_29_12 10, 2
5_23_08 6, 14, 2, 10, 15
5_17_08 5, 13, 1, 9, 6
4_22_14 9, 1, 5, 13
4_5_02 3, 11, 15, 7
4_24_16 10, 2, 6, 14
2_4_22 8, 16
7_27_16 11, 3, 7, 15, 4, 12, 16
7_31_02 5, 13, 1, 9, 10, 2, 6
3_30_12 6, 14, 2
2_9_08 7, 15
1_24_12 12
3_7_18 11, 3, 15
2_17_12 7, 15
1_19_00 9
3_29_02 5, 13, 1
4_19_22 12, 4, 8, 16
4_9_04 5, 13, 1, 9
6_6_16 10, 2, 6, 14, 7, 15
7_13_18 13, 5, 9, 1, 10, 2, 6
2_20_12 3, 11
2_26_16 7, 15
7_20_16 9, 1, 5, 13, 14, 6, 10
7_22_20 12, 4, 8, 16, 9, 1, 5
1_15_18 5
2_25_22 14, 6
6_28_22 14, 6, 10, 2, 11, 3
4_21_16 10, 2, 6, 14
8_26_10 8, 16, 4, 12, 9, 1, 5, 13
2_7_08 6, 14
8_21_18 11, 3, 7, 15, 12, 4, 8, 16
6_5_12 8, 16, 4, 12, 9, 1
1_5_18 11
2_25_02 4, 12
6_19_04 3, 11, 15, 7, 4, 12
3_6_04 16, 8, 12
8_24_02 3, 11, 15, 7, 4, 12, 16, 8
8_24_22 13, 5, 9, 1, 14, 6, 10, 2
1_4_20 15
1_8_22 1
2_10_20 9, 1
7_11_06 6, 14, 2, 10, 15, 7, 11
8_27_12 9, 1, 5, 13, 10, 2, 6, 14
5_5_04 4, 12, 16, 8, 5
4_7_12 8, 16, 4, 12
3_27_18 12, 4, 16
8_10_10 8, 16, 4, 12, 9, 1, 5, 13
8_21_14 9, 1, 5, 13, 10, 2, 6, 14
3_31_18 13, 5, 1
3_17_02 2, 10, 14
7_4_12 7, 15, 3, 11, 12, 4, 8
8_10_02 4, 12, 16, 8, 5, 13, 1, 9
4_25_04 5, 13, 1, 9
7_28_20 13, 5, 9, 1, 2, 10, 14
3_9_16 11, 3, 7
3_5_14 9, 1, 5
6_16_12 10, 2, 6, 14, 3, 11
5_19_08 5, 13, 1, 9, 14
7_7_14 9, 1, 5, 13, 2, 10, 14
2_19_20 11, 3
3_5_02 3, 11, 15
1_17_12 7
2_8_06 1, 9
3_25_12 9, 1, 5
4_30_08 8, 16, 4, 12
5_31_08 8, 16, 4, 12, 13
1_21_06 5
3_11_08 7, 15, 11
3_14_06 3, 11, 15
2_11_00 3, 11
4_16_14 11, 3, 7, 15
8_31_22 15, 7, 11, 3, 12, 4, 8, 16
7_14_14 11, 3, 7, 15, 4, 12, 16
8_21_02 3, 11, 15, 7, 4, 12, 16, 8
4_28_12 9, 1, 5, 13
4_13_06 7, 15, 3, 11
7_15_22 15, 7, 11, 3, 4, 12, 16
3_31_04 6, 14, 10
1_8_06 9
4_15_22 15, 7, 11, 3
7_1_10 6, 14, 2, 10, 7, 15, 3
2_14_06 3, 11
5_25_08 7, 15, 3, 11, 8
3_16_20 10, 2, 14
5_10_06 6, 14, 2, 10, 3
1_1_06 4
5_13_04 6, 14, 2, 10, 3
8_16_10 9, 1, 5, 13, 6, 14, 2, 10
8_14_16 12, 4, 8, 16, 9, 1, 5, 13
1_26_10 4
3_17_04 3, 11, 15
6_8_08 6, 14, 2, 10, 3, 11
7_18_16 9, 1, 5, 13, 6, 14, 2
7_21_12 8, 16, 4, 12, 9, 1, 5
1_31_10 1
8_31_18 13, 5, 9, 1, 10, 2, 6, 14
1_7_14 1
5_24_20 12, 4, 8, 16, 1
4_4_18 10, 2, 6, 14
1_20_04 7
2_7_12 8, 16
1_16_02 9
8_5_20 12, 4, 8, 16, 13, 5, 9, 1
5_30_16 12, 4, 8, 16, 5
1_28_22 2
3_23_04 4, 12, 8
1_22_20 8
1_26_06 2
1_2_18 6
3_11_22 14, 6, 2
8_17_20 11, 3, 7, 15, 12, 4, 8, 16
7_14_06 7, 15, 3, 11, 16, 8, 12
6_16_00 4, 12, 16, 8, 13, 5
1_10_08 3
8_7_22 13, 5, 9, 1, 14, 6, 10, 2
5_15_20 14, 6, 10, 2, 3
8_25_06 6, 14, 2, 10, 7, 15, 3, 11
6_14_14 11, 3, 7, 15, 4, 12
5_11_02 4, 12, 16, 8, 13
5_16_18 13, 5, 9, 1, 14
7_7_06 5, 13, 1, 9, 14, 6, 10
4_23_16 10, 2, 6, 14
8_3_02 2, 10, 14, 6, 3, 11, 15, 7
2_31_06 7, 15
8_11_16 11, 3, 7, 15, 12, 4, 8, 16
6_6_14 9, 1, 5, 13, 6, 14
3_10_06 2, 10, 14
2_30_06 3, 11
3_30_04 2, 10, 14
3_12_16 7, 15, 11
6_20_14 8, 16, 4, 12, 5, 13
4_30_06 7, 15, 3, 11
4_28_16 11, 3, 7, 15
5_28_06 6, 14, 2, 10, 11
5_22_18 11, 3, 7, 15, 8
7_25_16 11, 3, 7, 15, 12, 4, 8
4_10_08 7, 15, 3, 11
2_26_04 1, 9
4_9_12 9, 1, 5, 13
7_2_02 2, 10, 14, 6, 15, 7, 11
4_17_14 8, 16, 4, 12
7_4_04 3, 11, 15, 7, 8, 16, 4
1_10_16 7
8_27_06 6, 14, 2, 10, 7, 15, 3, 11
8_15_00 4, 12, 16, 8, 1, 9, 13, 5
2_31_18 13, 5
3_4_04 15, 7, 3
5_24_22 13, 5, 9, 1, 2
4_21_22 13, 5, 9, 1
1_6_06 1
8_15_08 8, 16, 4, 12, 5, 13, 1, 9
8_30_16 12, 4, 8, 16, 9, 1, 5, 13
4_24_00 2, 10, 14, 6
7_23_04 4, 12, 16, 8, 13, 5, 9
2_15_06 7, 15
4_5_20 12, 4, 8, 16
6_1_18 10, 2, 6, 14, 11, 3
3_1_10 6, 14, 2
1_15_20 6
5_22_04 4, 12, 16, 8, 1
6_28_16 11, 3, 7, 15, 8, 16
2_20_20 7, 15
7_26_08 7, 15, 3, 11, 4, 12, 16
6_11_04 5, 13, 1, 9, 6, 14
2_3_08 5, 13
8_6_06 5, 13, 1, 9, 6, 14, 2, 10
2_18_02 14, 6
7_7_16 10, 2, 6, 14, 3, 11, 15
7_3_06 4, 12, 16, 8, 13, 5, 9
2_29_04 6, 14
1_14_08 4
2_26_20 9, 1
1_11_22 6
5_11_18 12, 4, 8, 16, 5
3_6_22 9, 1, 5
8_30_22 15, 7, 11, 3, 12, 4, 8, 16
4_30_20 14, 6, 10, 2
7_3_12 7, 15, 3, 11, 16, 8, 12
2_8_04 16, 8
1_5_08 6
8_26_00 3, 11, 15, 7, 4, 12, 16, 8
2_28_02 16, 8
7_27_20 13, 5, 9, 1, 6, 14, 2
4_26_20 13, 5, 9, 1
8_13_20 14, 6, 10, 2, 11, 3, 7, 15
4_22_04 4, 12, 16, 8
2_12_00 15, 7
4_5_06 5, 13, 1, 9
5_1_18 10, 2, 6, 14, 11
2_3_10 6, 14
1_31_08 16
7_10_16 11, 3, 7, 15, 8, 16, 4
6_3_04 3, 11, 15, 7, 4, 12
6_22_00 2, 10, 14, 6, 15, 7
2_14_22 11, 3
4_4_22 12, 4, 8, 16
3_21_04 4, 12, 16
6_10_06 6, 14, 2, 10, 3, 11
6_2_16 9, 1, 5, 13, 6, 14
7_29_02 5, 13, 1, 9, 2, 10, 14
5_22_16 10, 2, 6, 14, 7
2_24_18 7, 15
1_10_20 9
4_4_20 11, 3, 7, 15
1_6_04 16
6_28_20 13, 5, 9, 1, 10, 2
8_15_04 6, 14, 2, 10, 3, 11, 15, 7
8_9_20 13, 5, 9, 1, 14, 6, 10, 2
3_23_00 2, 10, 6
2_28_16 7, 15
4_8_02 3, 11, 15, 7
3_29_10 9, 1, 5
7_8_04 4, 12, 16, 8, 9, 1, 5
3_21_20 12, 4, 8
5_22_10 7, 15, 3, 11, 4
7_14_18 13, 5, 9, 1, 6, 14, 2
1_22_18 7
8_9_12 9, 1, 5, 13, 10, 2, 6, 14
2_8_10 3, 11
8_3_22 12, 4, 8, 16, 13, 5, 9, 1
7_24_14 9, 1, 5, 13, 14, 6, 10
4_12_08 7, 15, 3, 11
7_5_10 7, 15, 3, 11, 8, 16, 4
6_3_12 7, 15, 3, 11, 8, 16
5_14_08 8, 16, 4, 12, 1
6_1_08 5, 13, 1, 9, 6, 14
6_29_18 13, 5, 9, 1, 10, 2
6_31_18 13, 5, 9, 1, 10, 2
5_10_12 9, 1, 5, 13, 6
5_27_18 12, 4, 8, 16, 5
8_22_18 11, 3, 7, 15, 12, 4, 8, 16
2_30_10 5, 13
2_13_12 10, 2
7_8_02 3, 11, 15, 7, 8, 16, 4
6_26_20 13, 5, 9, 1, 10, 2
2_20_02 14, 6
8_12_20 13, 5, 9, 1, 14, 6, 10, 2
5_12_12 9, 1, 5, 13, 14
7_24_22 13, 5, 9, 1, 2, 10, 14
2_21_18 11, 3
7_17_14 8, 16, 4, 12, 9, 1, 5
5_6_20 12, 4, 8, 16, 9
8_27_10 8, 16, 4, 12, 9, 1, 5, 13
7_4_20 11, 3, 7, 15, 16, 8, 12
4_3_12 7, 15, 3, 11
8_21_22 13, 5, 9, 1, 14, 6, 10, 2
4_25_10 8, 16, 4, 12
5_5_20 12, 4, 8, 16, 13
5_25_18 12, 4, 8, 16, 13
8_24_14 9, 1, 5, 13, 10, 2, 6, 14
5_16_02 5, 13, 1, 9, 6
7_17_22 12, 4, 8, 16, 13, 5, 9
1_25_06 6
1_11_00 11
6_8_02 3, 11, 15, 7, 16, 8
5_5_10 7, 15, 3, 11, 8
5_4_16 9, 1, 5, 13, 14
5_10_04 5, 13, 1, 9, 2
2_17_18 10, 2
2_18_00 13, 5
6_9_00 3, 11, 15, 7, 4, 12
8_29_00 4, 12, 16, 8, 1, 9, 13, 5
6_3_16 9, 1, 5, 13, 10, 2
6_10_12 9, 1, 5, 13, 6, 14
5_27_20 13, 5, 9, 1, 6
8_29_02 5, 13, 1, 9, 2, 10, 14, 6
4_3_06 4, 12, 16, 8
6_9_06 6, 14, 2, 10, 7, 15
5_23_10 7, 15, 3, 11, 16
5_19_12 7, 15, 3, 11, 16
8_31_12 10, 2, 6, 14, 7, 15, 3, 11
5_27_08 7, 15, 3, 11, 16
2_5_04 4, 12
5_4_10 6, 14, 2, 10, 11
5_18_10 6, 14, 2, 10, 3
4_6_08 6, 14, 2, 10
5_19_14 8, 16, 4, 12, 1
6_23_16 10, 2, 6, 14, 11, 3
6_10_16 11, 3, 7, 15, 8, 16
7_16_08 8, 16, 4, 12, 9, 1, 5
3_15_22 15, 7, 3
5_10_02 4, 12, 16, 8, 1
4_28_00 3, 11, 15, 7
2_21_10 7, 15
3_9_06 6, 14, 2
2_20_22 8, 16
3_17_18 10, 2, 6
5_12_20 13, 5, 9, 1, 2
3_23_20 12, 4, 16
8_16_04 6, 14, 2, 10, 3, 11, 15, 7
3_21_02 3, 11, 15
3_25_02 4, 12, 16
4_25_00 3, 11, 15, 7
7_20_18 10, 2, 6, 14, 15, 7, 11
8_14_22 15, 7, 11, 3, 12, 4, 8, 16
2_12_02 16, 8
7_13_12 10, 2, 6, 14, 7, 15, 3
5_11_04 5, 13, 1, 9, 14
8_11_00 3, 11, 15, 7, 4, 12, 16, 8
7_8_00 2, 10, 14, 6, 7, 15, 3
3_4_10 2, 10, 6
3_4_02 14, 6, 2
5_21_12 8, 16, 4, 12, 9
7_6_06 5, 13, 1, 9, 2, 10, 14
7_8_20 12, 4, 8, 16, 1, 9, 13
6_27_08 7, 15, 3, 11, 8, 16
1_25_22 14
8_12_22 14, 6, 10, 2, 15, 7, 11, 3
3_29_16 12, 4, 8
6_5_00 2, 10, 14, 6, 3, 11
3_17_16 9, 1, 5
4_6_20 12, 4, 8, 16
1_6_18 7
4_20_14 8, 16, 4, 12
2_11_02 4, 12
6_10_14 10, 2, 6, 14, 7, 15
3_28_08 3, 11, 7
1_8_10 11
6_18_10 6, 14, 2, 10, 3, 11
7_14_08 8, 16, 4, 12, 1, 9, 13
8_28_14 10, 2, 6, 14, 11, 3, 7, 15
8_13_18 13, 5, 9, 1, 10, 2, 6, 14
7_21_18 11, 3, 7, 15, 12, 4, 8
6_17_02 2, 10, 14, 6, 3, 11
6_19_06 4, 12, 16, 8, 5, 13
3_6_02 15, 7, 11
2_10_04 1, 9
1_27_04 13
8_26_02 4, 12, 16, 8, 5, 13, 1, 9
6_7_22 13, 5, 9, 1, 14, 6
4_14_00 4,12, 16, 8
1_2_08 1
8_18_04 3, 11, 15, 7, 4, 12, 16, 8
3_3_14 8, 16, 12
8_24_10 7, 15, 3, 11, 8, 16, 4, 12
2_11_14 10, 2
5_30_08 8, 16, 4, 12, 1
2_1_08 5, 13
7_20_12 7, 15, 3, 11, 12, 4, 8
7_1_20 11, 3, 7, 15, 12, 4, 8
5_12_22 14, 6, 10, 2, 3
3_20_06 16, 8, 4
6_9_22 14, 6, 10, 2, 15, 7
7_5_04 4, 12, 16, 8, 5, 13, 1
6_19_10 6, 14, 2, 10, 7, 15
1_20_14 12
1_24_20 16
1_28_18 16
4_18_06 4, 12, 16, 8
7_11_18 12, 4, 8, 16, 5, 13, 1
2_24_04 16, 8
5_3_14 8, 16, 4, 12, 1
4_18_10 6, 14, 2, 10
4_14_16 12, 4, 8, 16
6_6_22 13, 5, 9, 1, 10, 2
4_27_00 3, 11, 15, 7
1_19_20 3
5_29_06 7, 15, 3, 11, 4
