3,14426
7,14426
1,14426
19,14426
11,14426
15,14426
7,14426
17,14426
5,14426
9,14426
15,14426
11,14426
15,14426
13,14426
9,14426
13,14426
17,14426
7,14426
13,14426
5,14426
13,14426
15,14426
13,14426
11,14426
13,14426
15,14426
15,14426
15,14426
7,14426
5,14426
11,14426
17,14426
11,14426
13,14426
13,14426
9,14426
19,14426
19,14426
11,14426
13,14426
17,14426
17,14426
11,14426
11,14426
9,14426
17,14426
13,14426
9,14426
19,14426
17,14426
13,14426
15,14426
15,14426
7,14426
5,14426
15,14426
17,14426
9,14426
9,14426
13,14426
13,14426
9,14426
11,14426
15,14426
17,14426
11,14426
17,14426
11,14426
17,14426
15,14426
11,14426
7,14426
7,14426
11,14426
17,14426
13,14426
17,14426
17,14426
9,14426
17,14426
17,14426
13,14426
15,14426
13,14426
9,14426
17,14426
11,14426
19,14426
15,14426
19,14426
15,14426
19,14426
15,14426
17,14426
15,14426
15,14426
7,14426
17,14426
15,14426
17,14426
11,14426
17,14426
19,14426
13,14426
15,14426
13,14426
19,14426
15,14426
17,14426
13,14426
11,14426
13,14426
17,14426
15,14426
19,14426
11,14426
9,14426
15,14426
13,14426
13,14426
17,14426
13,14426
11,14426
15,14426
15,14426
15,14426
15,14426
13,14426
13,14426
17,14426
17,14426
13,14426
15,14426
17,14426
13,14426
15,14426
15,14426
17,14426
11,14426
13,14426
15,14426
15,14426
17,14426
11,14426
17,14426
17,14426
15,14426
15,14426
11,14426
15,14426
15,14426
11,14426
11,14426
13,14426
13,14426
15,14426
17,14426
17,14426
19,14426
15,14426
13,14426
15,14426
13,14426
3,14426
17,14426
17,14426
9,14426
9,14426
17,14426
13,14426
19,14426
17,14426
17,14426
15,14426
17,14426
17,14426
9,14426
15,14426
17,14426
15,14426
13,14426
15,14426
21,14426
11,14426
13,14426
13,14426
17,14426
9,14426
17,14426
17,14426
15,14426
19,14426
15,14426
21,14426
17,14426
15,14426
15,14426
17,14426
13,14426
13,14426
15,14426
15,14426
11,14426
13,14426
17,14426
17,14426
17,14426
13,14426
15,14426
15,14426
15,14426
15,14426
19,14426
13,14426
15,14426
11,14426
15,14426
17,14426
19,14426
15,14426
17,14426
17,14426
17,14426
13,14426
13,14426
17,14426
13,14426
17,14426
21,14426
15,14426
15,14426
19,14426
15,14426
13,14426
17,14426
19,14426
17,14426
15,14426
17,14426
9,14426
17,14426
15,14426
19,14426
15,14426
13,14426
17,14426
15,14426
19,14426
13,14426
17,14426
15,14426
17,14426
13,14426
13,14426
19,14426
15,14426
15,14426
17,14426
17,14426
19,14426
19,14426
13,14426
17,14426
15,14426
19,14426
17,14426
17,14426
15,14426
19,14426
17,14426
13,14426
17,14426
11,14426
19,14426
15,14426
15,14426
17,14426
15,14426
17,14426
13,14426
19,14426
15,14426
19,14426
17,14426
15,14426
19,14426
17,14426
17,14426
13,14426
17,14426
19,14426
15,14426
17,14426
15,14426
13,14426
15,14426
11,14426
17,14426
17,14426
17,14426
13,14426
19,14426
19,14426
15,14426
15,14426
15,14426
15,14426
17,14426
19,14426
17,14426
13,14426
15,14426
17,14426
19,14426
19,14426
13,14426
13,14426
17,14426
15,14426
15,14426
17,14426
17,14426
13,14426
11,14426
15,14426
17,14426
17,14426
17,14426
19,14426
19,14426
17,14426
19,14426
15,14426
17,14426
15,14426
15,14426
17,14426
17,14426
15,14426
17,14426
17,14426
17,14426
19,14426
15,14426
15,14426
19,14426
15,14426
17,14426
17,14426
17,14426
15,14426
17,14426
15,14426
15,14426
15,14426
19,14426
19,14426
17,14426
15,14426
17,14426
17,14426
19,14426
11,14426
19,14426
17,14426
19,14426
17,14426
13,14426
15,14426
17,14426
19,14426
15,14426
17,14426
15,14426
19,14426
17,14426
19,14426
19,14426
15,14426
15,14426
17,14426
17,14426
15,14426
17,14426
13,14426
19,14426
19,14426
19,14426
15,14426
17,14426
19,14426
19,14426
15,14426
17,14426
19,14426
15,14426
19,14426
21,14426
11,14426
17,14426
17,14426
17,14426
17,14426
13,14426
17,14426
17,14426
19,14426
17,14426
19,14426
15,14426
19,14426
15,14426
15,14426
17,14426
15,14426
17,14426
17,14426
17,14426
17,14426
17,14426
17,14426
17,14426
17,14426
19,14426
17,14426
19,14426
19,14426
19,14426
19,14426
19,14426
17,14426
19,14426
17,14426
13,14426
21,14426
15,14426
19,14426
19,14426
13,14426
19,14426
15,14426
19,14426
17,14426
15,14426
19,14426
17,14426
19,14426
19,14426
17,14426
19,14426
19,14426
19,14426
15,14426
19,14426
17,14426
17,14426
17,14426
17,14426
19,14426
19,14426
17,14426
19,14426
17,14426
17,14426
17,14426
19,14426
17,14426
19,14426
15,14426
19,14426
15,14426
19,14426
19,14426
17,14426
17,14426
17,14426
19,14426
17,14426
17,14426
17,14426
15,14426
17,14426
17,14426
19,14426
19,14426
17,14426
17,14426
19,14426
19,14426
19,14426
17,14426
21,14426
19,14426
17,14426
17,14426
17,14426
15,14426
15,14426
19,14426
19,14426
19,14426
19,14426
17,14426
19,14426
17,14426
17,14426
17,14426
19,14426
17,14426
19,14426
19,14426
19,14426
15,14426
19,14426
21,14426
15,14426
17,14426
15,14426
19,14426
21,14426
15,14426
17,14426
17,14426
19,14426
17,14426
19,14426
17,14426
17,14426
19,14426
17,14426
19,14426
19,14426
21,14426
19,14426
19,14426
19,14426
19,14426
19,14426
19,14426
11,14426
17,14426
19,14426
19,14426
17,14426
19,14426
19,14426
19,14426
19,14426
19,14426
17,14426
17,14426
19,14426
17,14426
19,14426
17,14426
19,14426
17,14426
19,14426
19,14426
19,14426
19,14426
19,14426
19,14426
19,14426
19,14426
17,14426
21,14426
17,14426
19,14426
17,14426
17,14426
19,14426
15,14426
19,14426
21,14426
17,14426
17,14426
19,14426
17,14426
19,14426
17,14426
19,14426
19,14426
19,14426
17,14426
21,14426
17,14426
17,14426
19,14426
21,14426
19,14426
19,14426
17,14426
